0.0,10.0,18.2,10.0,10.0,0.0,10.0,20.0
0.0,0.0,0.0,9.1,0.0,10.0,0.0,100.0
0.0,9.1,0.0,0.0,0.0,0.0,0.0,90.9
18.2,9.1,0.0,0.0,36.4,16.7,0.0,36.4
20.0,10.0,33.3,27.3,10.0,30.0,30.0,12.5
33.3,0.0,9.1,30.0,36.4,0.0,30.0,60.0
90.0,77.8,37.5,11.1,100.0,0.0,88.9,90.0
100.0,81.8,37.5,0.0,70.0,0.0,81.8,100.0
100.0,100.0,23.1,33.3,100.0,0.0,100.0,100.0
100.0,100.0,0.0,100.0,100.0,0.0,100.0,90.9
100.0,100.0,16.7,100.0,100.0,0.0,100.0,100.0
100.0,100.0,16.7,100.0,100.0,0.0,100.0,100.0
100.0,100.0,0.0,100.0,100.0,0.0,100.0,100.0
100.0,100.0,0.0,100.0,100.0,0.0,100.0,100.0
100.0,100.0,23.1,80.0,100.0,0.0,100.0,100.0
100.0,100.0,47.4,0.0,100.0,0.0,100.0,100.0
100.0,100.0,47.4,45.5,100.0,0.0,100.0,100.0
100.0,100.0,50.0,33.3,100.0,0.0,100.0,100.0
100.0,100.0,47.1,40.0,100.0,0.0,100.0,100.0
100.0,100.0,47.4,50.0,100.0,0.0,100.0,100.0
100.0,100.0,47.4,30.0,100.0,0.0,100.0,100.0
100.0,100.0,47.4,55.6,100.0,0.0,100.0,100.0
100.0,100.0,50.0,30.0,100.0,0.0,100.0,100.0
100.0,100.0,47.4,45.5,100.0,0.0,100.0,100.0
100.0,100.0,47.4,33.3,100.0,0.0,100.0,100.0
100.0,100.0,47.4,30.0,100.0,0.0,100.0,100.0
100.0,100.0,50.0,50.0,100.0,0.0,100.0,100.0
100.0,100.0,47.4,27.3,100.0,0.0,100.0,100.0
100.0,100.0,44.4,50.0,100.0,0.0,100.0,100.0
100.0,100.0,52.6,27.3,100.0,9.1,100.0,100.0
100.0,100.0,44.4,55.6,100.0,0.0,100.0,100.0
100.0,100.0,47.4,27.3,100.0,0.0,100.0,100.0
100.0,100.0,47.4,55.6,100.0,0.0,100.0,100.0
90.0,100.0,56.3,30.0,100.0,0.0,100.0,100.0
33.3,100.0,50.0,63.6,100.0,50.0,100.0,100.0
0.0,100.0,0.0,60.0,100.0,100.0,100.0,100.0
10.0,100.0,25.0,70.0,100.0,100.0,100.0,100.0
0.0,100.0,9.1,88.9,100.0,100.0,100.0,100.0
0.0,100.0,0.0,100.0,100.0,100.0,100.0,100.0
0.0,100.0,0.0,100.0,100.0,100.0,100.0,100.0
0.0,100.0,0.0,100.0,100.0,100.0,100.0,100.0
0.0,100.0,0.0,100.0,100.0,100.0,100.0,100.0
0.0,100.0,0.0,100.0,100.0,100.0,100.0,100.0
0.0,100.0,0.0,100.0,100.0,100.0,100.0,100.0
0.0,100.0,0.0,100.0,100.0,100.0,100.0,100.0
0.0,100.0,0.0,100.0,100.0,100.0,100.0,100.0
0.0,100.0,0.0,100.0,100.0,100.0,100.0,100.0
0.0,100.0,0.0,100.0,100.0,100.0,100.0,100.0
0.0,100.0,0.0,80.0,100.0,100.0,100.0,100.0
0.0,100.0,0.0,100.0,100.0,100.0,100.0,100.0
0.0,100.0,0.0,90.9,100.0,100.0,100.0,100.0
0.0,100.0,0.0,80.0,100.0,100.0,100.0,100.0
0.0,100.0,0.0,100.0,100.0,100.0,100.0,100.0
0.0,100.0,0.0,90.9,100.0,100.0,100.0,100.0
0.0,100.0,0.0,100.0,100.0,100.0,100.0,100.0
0.0,100.0,0.0,100.0,100.0,100.0,100.0,100.0
0.0,100.0,0.0,100.0,100.0,100.0,100.0,100.0
0.0,100.0,0.0,100.0,100.0,100.0,100.0,100.0
0.0,100.0,0.0,100.0,100.0,100.0,100.0,100.0
0.0,100.0,0.0,100.0,100.0,100.0,100.0,100.0
0.0,100.0,0.0,100.0,100.0,100.0,100.0,100.0
0.0,100.0,0.0,100.0,100.0,100.0,100.0,100.0
0.0,100.0,100.0,100.0,100.0,0.0,100.0,100.0
9.1,100.0,100.0,100.0,100.0,0.0,100.0,100.0
0.0,100.0,100.0,100.0,100.0,0.0,100.0,100.0
0.0,100.0,100.0,90.9,100.0,9.1,100.0,100.0
0.0,100.0,100.0,100.0,100.0,0.0,100.0,100.0
9.1,100.0,100.0,100.0,100.0,0.0,100.0,100.0
0.0,100.0,100.0,100.0,100.0,0.0,100.0,100.0
0.0,100.0,100.0,100.0,100.0,0.0,100.0,100.0
0.0,100.0,100.0,100.0,100.0,0.0,100.0,100.0
0.0,100.0,100.0,100.0,100.0,0.0,100.0,100.0
9.1,100.0,100.0,100.0,100.0,0.0,100.0,100.0
0.0,100.0,100.0,100.0,100.0,0.0,100.0,100.0
0.0,100.0,100.0,100.0,100.0,0.0,100.0,100.0
0.0,100.0,100.0,100.0,100.0,0.0,100.0,100.0
0.0,100.0,100.0,100.0,100.0,0.0,100.0,100.0
23.1,100.0,100.0,100.0,100.0,9.1,100.0,100.0
44.4,100.0,100.0,40.0,100.0,0.0,100.0,100.0
16.7,100.0,100.0,100.0,100.0,0.0,100.0,100.0
0.0,100.0,100.0,100.0,100.0,0.0,100.0,100.0
9.1,100.0,100.0,100.0,100.0,0.0,100.0,100.0
0.0,100.0,100.0,100.0,100.0,0.0,100.0,100.0
0.0,100.0,100.0,100.0,100.0,0.0,100.0,100.0
0.0,100.0,100.0,100.0,100.0,9.1,100.0,100.0
0.0,100.0,100.0,100.0,100.0,0.0,100.0,100.0
9.1,100.0,100.0,100.0,100.0,0.0,100.0,100.0
35.7,100.0,100.0,100.0,100.0,0.0,100.0,100.0
0.0,100.0,100.0,100.0,100.0,0.0,100.0,100.0
47.4,100.0,100.0,27.3,100.0,0.0,100.0,100.0
37.5,100.0,100.0,70.0,100.0,0.0,100.0,100.0
23.1,100.0,100.0,100.0,100.0,0.0,100.0,100.0
0.0,100.0,100.0,100.0,100.0,0.0,100.0,100.0
0.0,100.0,100.0,100.0,100.0,0.0,100.0,100.0
0.0,100.0,100.0,100.0,100.0,0.0,100.0,100.0
9.1,100.0,100.0,100.0,100.0,0.0,100.0,100.0
0.0,100.0,100.0,100.0,100.0,0.0,100.0,100.0
0.0,100.0,100.0,100.0,100.0,0.0,100.0,100.0
0.0,100.0,100.0,100.0,100.0,0.0,100.0,100.0
0.0,100.0,100.0,100.0,100.0,0.0,100.0,100.0
0.0,100.0,100.0,100.0,100.0,0.0,100.0,100.0
9.1,100.0,100.0,100.0,100.0,0.0,100.0,100.0
9.1,100.0,100.0,100.0,100.0,0.0,100.0,100.0
16.7,100.0,100.0,100.0,100.0,0.0,100.0,100.0
54.5,100.0,46.2,100.0,100.0,72.7,100.0,100.0
10.0,100.0,10.0,100.0,100.0,100.0,100.0,100.0
0.0,100.0,10.0,100.0,100.0,100.0,100.0,100.0
16.7,100.0,10.0,100.0,100.0,100.0,100.0,100.0
10.0,100.0,16.7,100.0,100.0,100.0,100.0,100.0
33.3,100.0,10.0,80.0,100.0,100.0,100.0,100.0
10.0,100.0,25.0,100.0,100.0,100.0,100.0,100.0
33.3,100.0,10.0,100.0,100.0,83.3,100.0,100.0
27.3,100.0,18.2,100.0,100.0,100.0,100.0,100.0
0.0,100.0,10.0,100.0,100.0,100.0,100.0,100.0
10.0,100.0,23.1,100.0,100.0,100.0,100.0,100.0
33.3,100.0,20.0,100.0,100.0,100.0,100.0,100.0
30.8,0.0,100.0,100.0,100.0,100.0,100.0,100.0
9.1,0.0,100.0,100.0,100.0,100.0,100.0,100.0
27.3,81.8,46.2,50.0,100.0,100.0,100.0,100.0
0.0,100.0,0.0,0.0,100.0,100.0,100.0,100.0
9.1,100.0,0.0,0.0,100.0,100.0,100.0,100.0
0.0,100.0,16.7,10.0,100.0,100.0,100.0,100.0
9.1,100.0,0.0,0.0,100.0,100.0,100.0,100.0
10.0,100.0,10.0,0.0,100.0,100.0,100.0,100.0
10.0,100.0,18.2,0.0,100.0,100.0,100.0,100.0
0.0,100.0,0.0,0.0,100.0,100.0,100.0,100.0
18.2,100.0,10.0,0.0,100.0,100.0,100.0,100.0
0.0,100.0,9.1,0.0,100.0,100.0,100.0,100.0
9.1,100.0,18.2,0.0,100.0,100.0,100.0,100.0
27.3,100.0,9.1,0.0,100.0,100.0,100.0,100.0
0.0,100.0,0.0,0.0,100.0,100.0,100.0,100.0
25.0,100.0,11.1,0.0,100.0,100.0,100.0,100.0
20.0,100.0,0.0,0.0,100.0,100.0,100.0,100.0
23.1,100.0,44.4,0.0,100.0,100.0,100.0,100.0
16.7,100.0,42.9,20.0,100.0,100.0,100.0,100.0
9.1,100.0,54.5,0.0,100.0,100.0,100.0,100.0
16.7,100.0,44.4,11.1,100.0,100.0,100.0,100.0
30.8,100.0,45.5,10.0,100.0,100.0,100.0,100.0
80.0,100.0,46.2,10.0,100.0,100.0,20.0,100.0
45.5,100.0,38.5,18.2,100.0,100.0,70.0,100.0
27.3,100.0,22.2,11.1,100.0,100.0,100.0,100.0
25.0,100.0,54.5,25.0,100.0,100.0,100.0,100.0
9.1,100.0,33.3,27.3,100.0,100.0,100.0,100.0
16.7,100.0,44.4,30.8,100.0,100.0,100.0,100.0
16.7,100.0,40.0,11.1,100.0,100.0,100.0,100.0
38.5,54.5,50.0,44.4,100.0,100.0,100.0,100.0
36.4,42.9,20.0,90.9,100.0,100.0,100.0,100.0
100.0,0.0,23.1,77.8,100.0,100.0,100.0,100.0
100.0,0.0,0.0,100.0,100.0,100.0,100.0,100.0
100.0,0.0,0.0,100.0,100.0,100.0,100.0,100.0
100.0,0.0,0.0,100.0,100.0,100.0,100.0,100.0
100.0,0.0,0.0,100.0,100.0,100.0,100.0,100.0
100.0,0.0,0.0,100.0,100.0,100.0,100.0,100.0
100.0,0.0,0.0,100.0,100.0,100.0,100.0,100.0
100.0,0.0,0.0,100.0,100.0,100.0,100.0,100.0
100.0,0.0,0.0,100.0,100.0,100.0,100.0,100.0
100.0,0.0,0.0,100.0,100.0,100.0,100.0,100.0
100.0,0.0,0.0,100.0,100.0,100.0,100.0,100.0
100.0,0.0,0.0,100.0,100.0,100.0,100.0,100.0
100.0,0.0,0.0,100.0,100.0,100.0,100.0,100.0
100.0,0.0,0.0,100.0,100.0,100.0,100.0,100.0
100.0,0.0,0.0,100.0,100.0,100.0,100.0,100.0
100.0,0.0,54.5,100.0,100.0,58.3,100.0,100.0
100.0,0.0,100.0,100.0,100.0,0.0,100.0,100.0
100.0,16.7,100.0,100.0,100.0,0.0,100.0,100.0
100.0,0.0,100.0,100.0,100.0,0.0,100.0,100.0
91.7,0.0,100.0,81.8,81.8,0.0,90.0,100.0
100.0,100.0,57.1,87.5,87.5,0.0,90.0,88.9
100.0,100.0,16.7,90.9,83.3,0.0,90.9,100.0
100.0,100.0,0.0,100.0,100.0,0.0,100.0,100.0
100.0,100.0,0.0,100.0,100.0,0.0,100.0,100.0
100.0,100.0,9.1,100.0,100.0,0.0,100.0,100.0
100.0,100.0,0.0,100.0,100.0,0.0,100.0,100.0
100.0,100.0,0.0,100.0,100.0,0.0,100.0,100.0
100.0,100.0,0.0,100.0,100.0,0.0,100.0,100.0
100.0,100.0,0.0,100.0,100.0,0.0,100.0,100.0
100.0,100.0,0.0,100.0,100.0,0.0,100.0,100.0
100.0,100.0,9.1,100.0,100.0,0.0,100.0,100.0
100.0,100.0,0.0,100.0,100.0,0.0,100.0,100.0
100.0,100.0,0.0,100.0,100.0,0.0,100.0,100.0
100.0,100.0,0.0,100.0,100.0,0.0,100.0,100.0
100.0,100.0,0.0,100.0,100.0,0.0,100.0,100.0
100.0,100.0,0.0,100.0,100.0,0.0,100.0,100.0
100.0,100.0,0.0,100.0,100.0,0.0,100.0,100.0
100.0,100.0,0.0,100.0,100.0,0.0,100.0,100.0
100.0,80.0,28.6,90.0,100.0,0.0,100.0,90.0
100.0,100.0,0.0,100.0,100.0,0.0,100.0,100.0
100.0,100.0,0.0,100.0,100.0,0.0,100.0,100.0
100.0,100.0,0.0,100.0,100.0,0.0,100.0,100.0
100.0,100.0,0.0,100.0,100.0,0.0,100.0,100.0
100.0,100.0,0.0,100.0,100.0,0.0,100.0,100.0
100.0,100.0,9.1,100.0,100.0,0.0,100.0,100.0
100.0,100.0,0.0,100.0,100.0,0.0,100.0,100.0
100.0,100.0,0.0,100.0,100.0,0.0,100.0,100.0
100.0,100.0,0.0,100.0,100.0,0.0,100.0,100.0
100.0,100.0,0.0,100.0,100.0,0.0,100.0,100.0
100.0,100.0,0.0,100.0,100.0,0.0,100.0,100.0
100.0,100.0,0.0,100.0,100.0,0.0,100.0,100.0
100.0,100.0,0.0,100.0,100.0,0.0,100.0,100.0
100.0,100.0,0.0,100.0,100.0,0.0,100.0,100.0
100.0,100.0,0.0,100.0,100.0,0.0,100.0,100.0
100.0,100.0,0.0,100.0,100.0,9.1,100.0,100.0
100.0,100.0,9.1,100.0,100.0,0.0,100.0,100.0
100.0,60.0,28.6,100.0,100.0,0.0,100.0,100.0
100.0,90.9,16.7,90.0,100.0,0.0,88.9,100.0
100.0,100.0,9.1,90.0,100.0,0.0,81.8,100.0
100.0,100.0,0.0,100.0,100.0,0.0,100.0,100.0
100.0,100.0,0.0,100.0,100.0,0.0,100.0,100.0
100.0,100.0,0.0,100.0,100.0,0.0,100.0,100.0
100.0,100.0,0.0,100.0,100.0,0.0,100.0,100.0
100.0,100.0,0.0,100.0,100.0,0.0,100.0,100.0
100.0,100.0,0.0,100.0,100.0,0.0,100.0,100.0
100.0,100.0,0.0,100.0,100.0,0.0,100.0,100.0
100.0,100.0,0.0,100.0,100.0,0.0,100.0,100.0
100.0,100.0,33.3,100.0,100.0,0.0,100.0,100.0
100.0,100.0,0.0,100.0,100.0,0.0,100.0,100.0
100.0,100.0,0.0,100.0,100.0,0.0,100.0,100.0
100.0,100.0,0.0,100.0,100.0,0.0,100.0,100.0
100.0,100.0,0.0,100.0,100.0,0.0,100.0,100.0
100.0,100.0,0.0,100.0,100.0,0.0,100.0,100.0
100.0,100.0,0.0,100.0,100.0,0.0,100.0,100.0
100.0,100.0,0.0,100.0,100.0,0.0,100.0,100.0
100.0,100.0,28.6,40.0,100.0,0.0,40.0,100.0
100.0,100.0,0.0,100.0,100.0,0.0,100.0,100.0
100.0,100.0,0.0,100.0,100.0,0.0,100.0,100.0
100.0,100.0,0.0,100.0,100.0,0.0,100.0,100.0
100.0,100.0,0.0,100.0,100.0,0.0,100.0,100.0
100.0,100.0,0.0,100.0,100.0,0.0,100.0,100.0
100.0,100.0,0.0,100.0,100.0,0.0,100.0,100.0
100.0,100.0,0.0,100.0,100.0,0.0,100.0,100.0
100.0,100.0,0.0,100.0,100.0,0.0,100.0,100.0
100.0,100.0,0.0,100.0,100.0,0.0,100.0,100.0
100.0,100.0,0.0,100.0,100.0,0.0,100.0,100.0
100.0,100.0,0.0,100.0,100.0,0.0,100.0,100.0
100.0,100.0,0.0,100.0,100.0,0.0,100.0,100.0
100.0,100.0,0.0,100.0,100.0,0.0,100.0,100.0
100.0,100.0,0.0,100.0,100.0,0.0,100.0,100.0
100.0,100.0,0.0,100.0,100.0,0.0,100.0,100.0
100.0,100.0,0.0,100.0,100.0,0.0,100.0,100.0
100.0,100.0,0.0,100.0,100.0,0.0,100.0,100.0
100.0,100.0,0.0,100.0,100.0,0.0,100.0,100.0
100.0,100.0,0.0,100.0,100.0,0.0,100.0,100.0
100.0,100.0,9.1,100.0,100.0,0.0,100.0,100.0
100.0,100.0,0.0,100.0,100.0,0.0,100.0,100.0
100.0,100.0,0.0,100.0,100.0,0.0,100.0,100.0
100.0,100.0,9.1,100.0,100.0,0.0,100.0,100.0
100.0,100.0,23.1,100.0,100.0,0.0,100.0,100.0
100.0,100.0,9.1,100.0,100.0,0.0,100.0,100.0
100.0,100.0,0.0,100.0,100.0,0.0,100.0,100.0
100.0,100.0,0.0,100.0,100.0,0.0,100.0,100.0
100.0,100.0,0.0,100.0,100.0,0.0,100.0,100.0
100.0,100.0,0.0,100.0,100.0,0.0,100.0,100.0
100.0,100.0,0.0,100.0,100.0,0.0,100.0,100.0
100.0,100.0,0.0,100.0,100.0,0.0,100.0,100.0
100.0,100.0,0.0,100.0,100.0,0.0,100.0,100.0
100.0,100.0,0.0,100.0,100.0,0.0,100.0,100.0
100.0,100.0,0.0,100.0,100.0,0.0,100.0,100.0
100.0,100.0,0.0,100.0,100.0,0.0,100.0,100.0
100.0,100.0,0.0,100.0,100.0,0.0,100.0,100.0
66.7,83.3,30.0,72.7,81.8,0.0,70.0,81.8
28.6,100.0,90.9,100.0,90.0,0.0,90.9,100.0
0.0,100.0,40.0,100.0,100.0,62.5,100.0,100.0
0.0,100.0,0.0,100.0,100.0,100.0,90.9,100.0
0.0,100.0,0.0,100.0,100.0,100.0,100.0,100.0
0.0,100.0,0.0,100.0,100.0,100.0,100.0,100.0
0.0,100.0,0.0,100.0,100.0,100.0,100.0,100.0
0.0,100.0,100.0,100.0,100.0,0.0,100.0,100.0
0.0,100.0,100.0,100.0,100.0,0.0,100.0,100.0
0.0,100.0,100.0,100.0,100.0,0.0,100.0,100.0
0.0,100.0,100.0,100.0,100.0,0.0,100.0,100.0
28.6,90.9,100.0,100.0,100.0,0.0,100.0,90.9
9.1,100.0,100.0,100.0,100.0,0.0,100.0,100.0
0.0,100.0,100.0,100.0,100.0,0.0,100.0,100.0
16.7,100.0,100.0,100.0,80.0,0.0,100.0,100.0
28.6,100.0,90.9,90.0,90.9,0.0,90.0,100.0
0.0,100.0,100.0,100.0,100.0,9.1,100.0,100.0
8.3,100.0,100.0,100.0,100.0,0.0,100.0,100.0
9.1,100.0,0.0,100.0,100.0,100.0,100.0,100.0
0.0,100.0,0.0,100.0,100.0,100.0,100.0,100.0
9.1,100.0,100.0,100.0,100.0,0.0,100.0,100.0
0.0,100.0,100.0,100.0,100.0,0.0,100.0,100.0
0.0,100.0,100.0,100.0,100.0,0.0,100.0,100.0
23.1,100.0,100.0,100.0,100.0,0.0,100.0,100.0
0.0,100.0,100.0,100.0,100.0,0.0,100.0,100.0
16.7,100.0,100.0,100.0,100.0,0.0,100.0,100.0
9.1,100.0,100.0,100.0,100.0,0.0,100.0,100.0
9.1,100.0,100.0,100.0,100.0,0.0,100.0,100.0
0.0,100.0,100.0,100.0,100.0,0.0,100.0,100.0
0.0,100.0,100.0,100.0,100.0,0.0,100.0,100.0
100.0,100.0,20.0,100.0,100.0,0.0,100.0,100.0
100.0,100.0,9.1,100.0,100.0,0.0,100.0,100.0
100.0,100.0,0.0,100.0,100.0,0.0,100.0,100.0
100.0,100.0,0.0,100.0,100.0,0.0,100.0,100.0
100.0,100.0,0.0,100.0,100.0,0.0,100.0,100.0
100.0,100.0,0.0,100.0,100.0,0.0,100.0,100.0
100.0,100.0,0.0,100.0,100.0,0.0,100.0,100.0
100.0,100.0,9.1,100.0,100.0,0.0,100.0,100.0
100.0,100.0,0.0,100.0,100.0,0.0,100.0,100.0
100.0,100.0,0.0,100.0,100.0,0.0,100.0,100.0
100.0,100.0,0.0,100.0,100.0,0.0,100.0,100.0
100.0,100.0,0.0,100.0,100.0,0.0,100.0,100.0
100.0,100.0,0.0,100.0,100.0,0.0,100.0,100.0
100.0,100.0,0.0,100.0,100.0,0.0,100.0,100.0
100.0,100.0,0.0,100.0,100.0,0.0,100.0,100.0
100.0,100.0,0.0,100.0,100.0,0.0,100.0,100.0
100.0,100.0,28.6,100.0,100.0,0.0,100.0,100.0
100.0,100.0,0.0,100.0,100.0,0.0,100.0,100.0
100.0,100.0,0.0,100.0,100.0,9.1,100.0,100.0
100.0,100.0,0.0,100.0,100.0,0.0,100.0,100.0
100.0,100.0,0.0,100.0,100.0,0.0,100.0,100.0
100.0,100.0,9.1,100.0,100.0,0.0,100.0,100.0
100.0,100.0,0.0,100.0,100.0,0.0,100.0,100.0
100.0,100.0,0.0,100.0,100.0,0.0,100.0,100.0
100.0,100.0,0.0,100.0,100.0,0.0,100.0,100.0
100.0,100.0,0.0,100.0,100.0,9.1,100.0,100.0
100.0,100.0,0.0,100.0,100.0,0.0,100.0,100.0
100.0,100.0,0.0,100.0,100.0,0.0,100.0,100.0
100.0,100.0,0.0,100.0,100.0,0.0,100.0,100.0
100.0,100.0,0.0,100.0,100.0,0.0,100.0,100.0
100.0,100.0,0.0,100.0,100.0,0.0,100.0,100.0
100.0,100.0,0.0,100.0,100.0,0.0,100.0,100.0
100.0,100.0,9.1,100.0,100.0,0.0,100.0,100.0
100.0,100.0,0.0,100.0,100.0,9.1,100.0,100.0
100.0,100.0,0.0,100.0,100.0,0.0,100.0,100.0
100.0,100.0,0.0,100.0,100.0,0.0,100.0,100.0
100.0,100.0,0.0,100.0,100.0,0.0,100.0,100.0
100.0,100.0,0.0,100.0,100.0,0.0,100.0,100.0
100.0,100.0,16.7,100.0,100.0,0.0,100.0,100.0
100.0,100.0,0.0,100.0,100.0,0.0,100.0,100.0
100.0,100.0,0.0,100.0,100.0,0.0,100.0,100.0
100.0,100.0,0.0,100.0,100.0,0.0,100.0,100.0
100.0,100.0,9.1,100.0,100.0,0.0,100.0,100.0
100.0,100.0,0.0,100.0,100.0,0.0,100.0,100.0
100.0,100.0,0.0,100.0,100.0,9.1,100.0,100.0
100.0,100.0,0.0,100.0,100.0,0.0,100.0,100.0
100.0,100.0,0.0,100.0,100.0,9.1,100.0,100.0
100.0,100.0,0.0,100.0,100.0,0.0,100.0,100.0
100.0,100.0,0.0,100.0,100.0,0.0,100.0,100.0
100.0,100.0,0.0,100.0,100.0,0.0,100.0,100.0
100.0,100.0,0.0,100.0,100.0,0.0,100.0,100.0
100.0,100.0,0.0,100.0,100.0,9.1,100.0,100.0
100.0,100.0,0.0,100.0,100.0,0.0,100.0,100.0
100.0,100.0,0.0,100.0,100.0,0.0,100.0,100.0
100.0,100.0,0.0,100.0,100.0,9.1,100.0,100.0
100.0,100.0,0.0,100.0,100.0,0.0,100.0,100.0
100.0,100.0,0.0,100.0,100.0,0.0,100.0,100.0
100.0,100.0,0.0,100.0,100.0,0.0,100.0,100.0
100.0,100.0,0.0,100.0,100.0,0.0,100.0,100.0
100.0,100.0,16.7,100.0,100.0,0.0,100.0,100.0
100.0,100.0,0.0,100.0,100.0,0.0,100.0,100.0
100.0,100.0,0.0,100.0,100.0,0.0,100.0,100.0
100.0,100.0,0.0,100.0,100.0,0.0,100.0,100.0
100.0,100.0,0.0,100.0,100.0,0.0,100.0,100.0
100.0,100.0,0.0,100.0,100.0,0.0,100.0,100.0
100.0,100.0,0.0,100.0,100.0,0.0,100.0,100.0
100.0,100.0,0.0,100.0,100.0,0.0,100.0,100.0
100.0,100.0,0.0,100.0,100.0,0.0,100.0,100.0
100.0,100.0,0.0,100.0,100.0,0.0,100.0,100.0
100.0,100.0,0.0,100.0,100.0,9.1,100.0,100.0
100.0,100.0,0.0,100.0,100.0,0.0,100.0,100.0
100.0,100.0,0.0,100.0,100.0,0.0,100.0,100.0
100.0,100.0,16.7,100.0,100.0,0.0,100.0,100.0
100.0,100.0,0.0,100.0,100.0,0.0,100.0,100.0
100.0,100.0,0.0,100.0,100.0,9.1,100.0,100.0
100.0,100.0,0.0,100.0,100.0,0.0,100.0,100.0
100.0,100.0,0.0,100.0,100.0,0.0,100.0,100.0
100.0,100.0,0.0,100.0,100.0,9.1,100.0,100.0
100.0,100.0,0.0,100.0,100.0,0.0,100.0,100.0
100.0,100.0,0.0,100.0,100.0,0.0,100.0,100.0
100.0,100.0,0.0,100.0,100.0,0.0,100.0,100.0
100.0,100.0,0.0,100.0,100.0,0.0,100.0,100.0
100.0,100.0,0.0,100.0,100.0,9.1,100.0,100.0
100.0,100.0,0.0,100.0,100.0,0.0,100.0,100.0
100.0,100.0,0.0,100.0,100.0,0.0,100.0,100.0
100.0,100.0,0.0,100.0,100.0,0.0,100.0,100.0
100.0,100.0,9.1,100.0,100.0,0.0,100.0,100.0
100.0,100.0,25.0,100.0,100.0,0.0,100.0,100.0
100.0,100.0,0.0,100.0,100.0,0.0,100.0,100.0
100.0,100.0,0.0,100.0,100.0,0.0,100.0,100.0
100.0,100.0,0.0,100.0,100.0,0.0,100.0,100.0
100.0,100.0,0.0,100.0,100.0,0.0,100.0,100.0
100.0,100.0,0.0,100.0,100.0,0.0,100.0,100.0
100.0,100.0,0.0,100.0,100.0,0.0,100.0,100.0
100.0,100.0,0.0,100.0,100.0,0.0,100.0,100.0
100.0,100.0,0.0,100.0,100.0,0.0,100.0,100.0
100.0,100.0,0.0,100.0,100.0,0.0,100.0,100.0
100.0,100.0,0.0,100.0,100.0,0.0,100.0,100.0
100.0,100.0,0.0,100.0,100.0,0.0,100.0,100.0
100.0,100.0,0.0,100.0,100.0,0.0,100.0,100.0
100.0,100.0,0.0,100.0,100.0,0.0,100.0,100.0
100.0,100.0,0.0,100.0,100.0,0.0,100.0,100.0
100.0,100.0,0.0,100.0,100.0,0.0,100.0,100.0
100.0,100.0,0.0,100.0,100.0,0.0,100.0,100.0
100.0,100.0,0.0,100.0,100.0,0.0,100.0,100.0
100.0,100.0,0.0,100.0,100.0,0.0,100.0,100.0
100.0,100.0,0.0,100.0,100.0,0.0,100.0,100.0
100.0,100.0,0.0,28.6,100.0,87.5,100.0,100.0
100.0,100.0,0.0,100.0,100.0,0.0,100.0,100.0
100.0,100.0,0.0,100.0,100.0,0.0,100.0,100.0
100.0,100.0,0.0,100.0,100.0,0.0,100.0,100.0
100.0,100.0,9.1,100.0,100.0,0.0,100.0,100.0
100.0,100.0,0.0,100.0,100.0,0.0,100.0,100.0
100.0,100.0,0.0,100.0,100.0,0.0,100.0,100.0
100.0,100.0,0.0,100.0,100.0,0.0,100.0,100.0
100.0,100.0,0.0,100.0,100.0,0.0,100.0,100.0
100.0,100.0,0.0,100.0,100.0,0.0,100.0,100.0
100.0,100.0,9.1,100.0,100.0,0.0,100.0,100.0
100.0,100.0,0.0,100.0,100.0,0.0,100.0,100.0
100.0,100.0,0.0,100.0,100.0,0.0,100.0,100.0
100.0,100.0,23.1,100.0,100.0,0.0,100.0,100.0
100.0,100.0,9.1,100.0,100.0,0.0,100.0,100.0
100.0,100.0,0.0,100.0,100.0,0.0,100.0,100.0
100.0,100.0,0.0,100.0,100.0,0.0,100.0,100.0
100.0,100.0,0.0,100.0,100.0,9.1,100.0,100.0
100.0,100.0,0.0,100.0,100.0,0.0,100.0,100.0
100.0,100.0,0.0,100.0,100.0,0.0,100.0,100.0
100.0,100.0,0.0,100.0,100.0,0.0,100.0,100.0
100.0,100.0,0.0,100.0,100.0,0.0,100.0,100.0
100.0,100.0,0.0,100.0,100.0,0.0,100.0,100.0
100.0,100.0,0.0,100.0,100.0,0.0,100.0,100.0
100.0,100.0,0.0,100.0,100.0,0.0,100.0,100.0
100.0,100.0,0.0,100.0,100.0,0.0,100.0,100.0
100.0,100.0,0.0,100.0,100.0,0.0,100.0,100.0
100.0,100.0,0.0,100.0,100.0,0.0,100.0,100.0
100.0,100.0,0.0,100.0,100.0,0.0,100.0,100.0
100.0,100.0,9.1,100.0,100.0,0.0,100.0,100.0
100.0,100.0,0.0,100.0,100.0,0.0,100.0,100.0
100.0,100.0,0.0,100.0,100.0,0.0,100.0,100.0
100.0,100.0,0.0,100.0,100.0,10.0,100.0,100.0
100.0,100.0,0.0,100.0,100.0,0.0,100.0,100.0
100.0,100.0,0.0,100.0,100.0,0.0,100.0,100.0
100.0,100.0,0.0,100.0,100.0,0.0,100.0,100.0
100.0,100.0,0.0,100.0,100.0,0.0,100.0,100.0
100.0,100.0,0.0,100.0,100.0,0.0,100.0,100.0
100.0,100.0,0.0,100.0,100.0,0.0,100.0,100.0
100.0,100.0,0.0,100.0,100.0,0.0,100.0,100.0
100.0,100.0,0.0,100.0,100.0,0.0,100.0,100.0
100.0,100.0,0.0,100.0,100.0,0.0,100.0,100.0
100.0,100.0,0.0,100.0,100.0,0.0,100.0,100.0
100.0,100.0,16.7,100.0,100.0,0.0,100.0,100.0
100.0,100.0,0.0,100.0,100.0,0.0,100.0,100.0
100.0,100.0,0.0,100.0,100.0,0.0,100.0,100.0
100.0,100.0,0.0,100.0,100.0,0.0,100.0,100.0
100.0,100.0,0.0,100.0,100.0,0.0,100.0,100.0
100.0,100.0,0.0,100.0,100.0,0.0,100.0,100.0
100.0,100.0,9.1,100.0,100.0,0.0,100.0,100.0
100.0,100.0,0.0,100.0,100.0,0.0,100.0,100.0
100.0,100.0,0.0,100.0,100.0,0.0,100.0,100.0
100.0,100.0,0.0,100.0,100.0,10.0,100.0,100.0
100.0,100.0,9.1,100.0,100.0,0.0,100.0,100.0
100.0,100.0,0.0,100.0,100.0,0.0,100.0,100.0
100.0,100.0,0.0,100.0,100.0,0.0,100.0,100.0
100.0,100.0,0.0,100.0,100.0,0.0,100.0,100.0
100.0,100.0,0.0,100.0,100.0,0.0,100.0,100.0
100.0,100.0,0.0,100.0,100.0,0.0,100.0,100.0
100.0,100.0,0.0,100.0,100.0,0.0,100.0,100.0
100.0,100.0,0.0,100.0,100.0,0.0,100.0,100.0
100.0,100.0,0.0,100.0,100.0,0.0,100.0,100.0
100.0,100.0,0.0,100.0,100.0,0.0,100.0,100.0
100.0,100.0,0.0,100.0,100.0,0.0,100.0,100.0
100.0,100.0,0.0,100.0,100.0,0.0,100.0,100.0
100.0,100.0,0.0,100.0,100.0,0.0,100.0,100.0
100.0,100.0,0.0,100.0,100.0,0.0,100.0,100.0
100.0,100.0,0.0,100.0,100.0,0.0,100.0,100.0
100.0,100.0,0.0,100.0,100.0,0.0,100.0,100.0
100.0,100.0,0.0,100.0,100.0,0.0,100.0,100.0
100.0,100.0,0.0,100.0,100.0,0.0,100.0,100.0
100.0,100.0,0.0,100.0,100.0,0.0,100.0,100.0
100.0,100.0,0.0,100.0,100.0,0.0,100.0,100.0
100.0,100.0,0.0,100.0,100.0,0.0,100.0,100.0
100.0,100.0,0.0,100.0,100.0,0.0,100.0,100.0
100.0,100.0,0.0,100.0,100.0,0.0,100.0,100.0
100.0,100.0,0.0,100.0,100.0,0.0,100.0,100.0
100.0,100.0,0.0,100.0,100.0,0.0,100.0,100.0
100.0,100.0,0.0,100.0,100.0,0.0,100.0,100.0
100.0,100.0,37.5,100.0,100.0,0.0,100.0,100.0
100.0,100.0,9.1,100.0,100.0,0.0,100.0,100.0
100.0,100.0,0.0,100.0,100.0,0.0,100.0,100.0
100.0,100.0,0.0,100.0,100.0,0.0,100.0,100.0
100.0,100.0,0.0,100.0,100.0,0.0,100.0,100.0
100.0,100.0,0.0,100.0,100.0,0.0,100.0,100.0
100.0,100.0,0.0,100.0,100.0,0.0,100.0,100.0
100.0,100.0,0.0,100.0,100.0,0.0,100.0,100.0
100.0,100.0,0.0,100.0,100.0,0.0,100.0,100.0
100.0,100.0,0.0,100.0,100.0,0.0,100.0,100.0
100.0,100.0,0.0,100.0,100.0,0.0,100.0,100.0
100.0,100.0,0.0,100.0,100.0,0.0,100.0,100.0
100.0,100.0,0.0,100.0,100.0,0.0,100.0,100.0
100.0,100.0,0.0,100.0,100.0,0.0,100.0,100.0
100.0,100.0,9.1,100.0,100.0,0.0,100.0,100.0
100.0,100.0,0.0,100.0,100.0,0.0,100.0,100.0
100.0,100.0,0.0,100.0,100.0,0.0,100.0,100.0
100.0,100.0,0.0,100.0,100.0,0.0,100.0,100.0
100.0,100.0,0.0,100.0,100.0,0.0,100.0,100.0
100.0,100.0,0.0,100.0,100.0,0.0,100.0,100.0
100.0,100.0,0.0,100.0,100.0,0.0,100.0,100.0
100.0,100.0,0.0,100.0,100.0,0.0,100.0,100.0
100.0,100.0,0.0,100.0,100.0,0.0,100.0,100.0
100.0,100.0,0.0,100.0,100.0,0.0,100.0,100.0
100.0,100.0,0.0,100.0,100.0,0.0,100.0,100.0
100.0,100.0,0.0,100.0,100.0,0.0,100.0,100.0
100.0,100.0,0.0,100.0,100.0,0.0,100.0,100.0
100.0,100.0,0.0,100.0,100.0,0.0,100.0,100.0
100.0,100.0,0.0,100.0,100.0,0.0,100.0,100.0
100.0,100.0,0.0,100.0,100.0,0.0,100.0,100.0
100.0,100.0,9.1,100.0,100.0,0.0,100.0,100.0
100.0,100.0,0.0,100.0,100.0,0.0,100.0,100.0
100.0,100.0,0.0,100.0,100.0,0.0,100.0,100.0
100.0,100.0,0.0,100.0,100.0,0.0,100.0,100.0
100.0,100.0,0.0,100.0,100.0,0.0,100.0,100.0
100.0,100.0,30.8,100.0,100.0,0.0,100.0,100.0
100.0,100.0,0.0,100.0,100.0,0.0,100.0,100.0
100.0,100.0,0.0,100.0,100.0,0.0,100.0,100.0
100.0,100.0,0.0,100.0,100.0,0.0,100.0,100.0
100.0,100.0,0.0,100.0,100.0,10.0,100.0,100.0
100.0,100.0,0.0,100.0,100.0,0.0,100.0,100.0
100.0,100.0,0.0,100.0,100.0,0.0,100.0,100.0
100.0,100.0,9.1,100.0,100.0,0.0,100.0,100.0
100.0,100.0,0.0,100.0,100.0,0.0,100.0,100.0
100.0,100.0,0.0,100.0,100.0,0.0,100.0,100.0
100.0,100.0,0.0,100.0,100.0,0.0,100.0,100.0
100.0,100.0,0.0,100.0,100.0,0.0,100.0,100.0
100.0,100.0,0.0,100.0,100.0,0.0,100.0,100.0
100.0,100.0,0.0,100.0,100.0,0.0,100.0,100.0
100.0,100.0,0.0,100.0,100.0,0.0,100.0,100.0
100.0,100.0,9.1,100.0,100.0,0.0,100.0,100.0
100.0,100.0,0.0,100.0,100.0,0.0,100.0,100.0
100.0,100.0,0.0,100.0,100.0,0.0,100.0,100.0
100.0,100.0,0.0,100.0,100.0,0.0,100.0,100.0
100.0,100.0,0.0,100.0,100.0,9.1,100.0,100.0
100.0,100.0,0.0,100.0,100.0,9.1,100.0,100.0
100.0,100.0,0.0,100.0,100.0,0.0,100.0,100.0
100.0,100.0,0.0,100.0,100.0,0.0,100.0,100.0
100.0,100.0,9.1,100.0,100.0,0.0,100.0,100.0
100.0,100.0,0.0,100.0,100.0,0.0,100.0,100.0
100.0,100.0,0.0,100.0,100.0,0.0,100.0,100.0
100.0,100.0,0.0,100.0,100.0,0.0,100.0,100.0
100.0,100.0,0.0,100.0,100.0,0.0,100.0,100.0
100.0,100.0,0.0,100.0,100.0,0.0,100.0,100.0
100.0,100.0,0.0,100.0,100.0,0.0,100.0,100.0
100.0,100.0,0.0,100.0,100.0,0.0,100.0,100.0
100.0,100.0,37.5,100.0,100.0,0.0,100.0,100.0
100.0,100.0,0.0,100.0,100.0,0.0,100.0,100.0
100.0,100.0,0.0,100.0,100.0,0.0,100.0,100.0
100.0,100.0,0.0,100.0,100.0,0.0,100.0,100.0
100.0,100.0,0.0,100.0,100.0,0.0,100.0,100.0
100.0,100.0,0.0,100.0,100.0,0.0,100.0,100.0
100.0,100.0,9.1,100.0,100.0,0.0,100.0,100.0
100.0,100.0,0.0,100.0,100.0,0.0,100.0,100.0
100.0,100.0,0.0,100.0,100.0,0.0,100.0,100.0
100.0,100.0,0.0,100.0,100.0,0.0,100.0,100.0
100.0,100.0,0.0,100.0,100.0,0.0,100.0,100.0
100.0,100.0,0.0,100.0,100.0,0.0,100.0,100.0
100.0,100.0,0.0,100.0,100.0,0.0,100.0,100.0
100.0,100.0,0.0,100.0,100.0,0.0,100.0,100.0
100.0,100.0,0.0,100.0,100.0,0.0,100.0,100.0
100.0,100.0,0.0,100.0,100.0,0.0,100.0,100.0
100.0,100.0,0.0,100.0,100.0,0.0,100.0,100.0
100.0,100.0,9.1,100.0,100.0,0.0,100.0,100.0
100.0,100.0,0.0,100.0,100.0,0.0,100.0,100.0
100.0,100.0,0.0,100.0,100.0,0.0,100.0,100.0
100.0,100.0,0.0,100.0,100.0,0.0,100.0,100.0
100.0,100.0,0.0,100.0,100.0,0.0,100.0,100.0
100.0,100.0,0.0,100.0,100.0,0.0,100.0,100.0
100.0,100.0,0.0,100.0,100.0,0.0,100.0,100.0
100.0,100.0,0.0,100.0,100.0,9.1,100.0,100.0
100.0,100.0,0.0,100.0,100.0,0.0,100.0,100.0
100.0,100.0,0.0,100.0,100.0,0.0,100.0,100.0
100.0,100.0,16.7,100.0,100.0,0.0,100.0,100.0
100.0,100.0,0.0,100.0,100.0,0.0,100.0,100.0
100.0,100.0,0.0,100.0,100.0,0.0,100.0,100.0
100.0,100.0,0.0,100.0,100.0,9.1,100.0,100.0
100.0,100.0,0.0,100.0,100.0,0.0,100.0,100.0
100.0,100.0,8.3,100.0,100.0,0.0,100.0,100.0
100.0,100.0,16.7,100.0,100.0,0.0,100.0,100.0
100.0,100.0,16.7,100.0,100.0,0.0,100.0,100.0
100.0,100.0,0.0,100.0,100.0,9.1,100.0,100.0
100.0,100.0,0.0,100.0,100.0,0.0,100.0,100.0
100.0,100.0,0.0,100.0,100.0,0.0,100.0,100.0
100.0,100.0,0.0,100.0,100.0,0.0,100.0,100.0
100.0,100.0,0.0,100.0,100.0,0.0,100.0,100.0
100.0,100.0,0.0,100.0,100.0,0.0,100.0,100.0
100.0,100.0,0.0,100.0,100.0,0.0,100.0,100.0
100.0,100.0,0.0,100.0,100.0,0.0,100.0,100.0
100.0,100.0,0.0,100.0,100.0,0.0,100.0,100.0
100.0,100.0,0.0,100.0,100.0,0.0,100.0,100.0
100.0,100.0,0.0,100.0,100.0,0.0,100.0,100.0
100.0,100.0,0.0,100.0,100.0,0.0,100.0,100.0
100.0,100.0,0.0,100.0,100.0,0.0,100.0,100.0
100.0,100.0,0.0,100.0,100.0,0.0,100.0,100.0
100.0,100.0,0.0,100.0,100.0,0.0,100.0,100.0
100.0,100.0,0.0,100.0,100.0,0.0,100.0,100.0
100.0,100.0,0.0,100.0,100.0,0.0,100.0,100.0
100.0,100.0,0.0,100.0,100.0,0.0,100.0,100.0
100.0,100.0,15.4,100.0,100.0,0.0,100.0,100.0
100.0,100.0,0.0,100.0,100.0,0.0,100.0,100.0
100.0,100.0,0.0,100.0,100.0,0.0,100.0,100.0
100.0,100.0,0.0,100.0,100.0,0.0,100.0,100.0
100.0,100.0,0.0,100.0,100.0,0.0,100.0,100.0
100.0,100.0,0.0,100.0,100.0,9.1,100.0,100.0
100.0,100.0,0.0,100.0,100.0,0.0,100.0,100.0
100.0,100.0,0.0,100.0,100.0,0.0,100.0,100.0
100.0,100.0,0.0,100.0,100.0,0.0,100.0,100.0
100.0,100.0,0.0,100.0,100.0,0.0,100.0,100.0
100.0,100.0,0.0,100.0,100.0,0.0,100.0,100.0
100.0,100.0,0.0,100.0,100.0,0.0,100.0,100.0
100.0,100.0,0.0,100.0,100.0,0.0,100.0,100.0
100.0,100.0,0.0,100.0,100.0,0.0,100.0,100.0
100.0,100.0,0.0,100.0,100.0,0.0,100.0,100.0
100.0,100.0,0.0,100.0,100.0,0.0,100.0,100.0
100.0,100.0,0.0,100.0,100.0,0.0,100.0,100.0
100.0,100.0,0.0,100.0,100.0,0.0,100.0,100.0
100.0,100.0,9.1,100.0,100.0,9.1,100.0,100.0
100.0,100.0,0.0,100.0,100.0,0.0,100.0,100.0
100.0,100.0,0.0,100.0,100.0,0.0,100.0,100.0
100.0,100.0,0.0,100.0,100.0,0.0,100.0,100.0
100.0,100.0,0.0,100.0,100.0,0.0,100.0,100.0
100.0,100.0,0.0,100.0,100.0,0.0,100.0,100.0
100.0,100.0,0.0,100.0,100.0,0.0,100.0,100.0
100.0,100.0,0.0,100.0,100.0,9.1,100.0,100.0
100.0,100.0,0.0,100.0,100.0,0.0,100.0,100.0
100.0,100.0,0.0,100.0,100.0,0.0,100.0,100.0
100.0,100.0,0.0,100.0,100.0,0.0,100.0,100.0
100.0,100.0,0.0,100.0,100.0,0.0,100.0,100.0
100.0,100.0,9.1,100.0,100.0,0.0,100.0,100.0
100.0,100.0,0.0,100.0,100.0,9.1,100.0,100.0
100.0,100.0,0.0,100.0,100.0,0.0,100.0,100.0
100.0,100.0,0.0,100.0,100.0,0.0,100.0,100.0
100.0,100.0,0.0,100.0,100.0,0.0,100.0,100.0
100.0,100.0,0.0,100.0,100.0,0.0,100.0,100.0
100.0,100.0,0.0,100.0,100.0,0.0,100.0,100.0
100.0,100.0,0.0,100.0,100.0,0.0,100.0,100.0
100.0,100.0,0.0,100.0,100.0,0.0,100.0,100.0
100.0,100.0,0.0,100.0,100.0,0.0,100.0,100.0
100.0,100.0,0.0,100.0,100.0,0.0,100.0,100.0
100.0,100.0,0.0,100.0,100.0,0.0,100.0,100.0
100.0,100.0,0.0,100.0,100.0,0.0,100.0,100.0
100.0,100.0,16.7,100.0,100.0,9.1,100.0,100.0
100.0,100.0,0.0,100.0,100.0,0.0,100.0,100.0
100.0,100.0,0.0,100.0,100.0,10.0,100.0,100.0
100.0,100.0,0.0,100.0,100.0,0.0,100.0,100.0
100.0,100.0,0.0,100.0,100.0,0.0,100.0,100.0
100.0,100.0,0.0,100.0,100.0,0.0,100.0,100.0
100.0,100.0,16.7,100.0,100.0,0.0,100.0,100.0
100.0,100.0,0.0,100.0,100.0,0.0,100.0,100.0
100.0,100.0,0.0,100.0,100.0,0.0,100.0,100.0
100.0,100.0,0.0,100.0,100.0,0.0,100.0,100.0
100.0,100.0,0.0,100.0,100.0,0.0,100.0,100.0
100.0,100.0,0.0,100.0,100.0,0.0,100.0,100.0
100.0,100.0,0.0,100.0,100.0,9.1,100.0,100.0
100.0,100.0,0.0,100.0,100.0,0.0,100.0,100.0
100.0,100.0,0.0,100.0,100.0,0.0,100.0,100.0
100.0,100.0,9.1,100.0,100.0,0.0,100.0,100.0
100.0,100.0,0.0,100.0,100.0,0.0,100.0,100.0
100.0,100.0,0.0,100.0,100.0,0.0,100.0,100.0
100.0,100.0,0.0,100.0,100.0,0.0,100.0,100.0
100.0,100.0,0.0,100.0,100.0,0.0,100.0,100.0
100.0,100.0,0.0,100.0,100.0,0.0,100.0,100.0
100.0,100.0,0.0,100.0,100.0,9.1,100.0,100.0
100.0,100.0,0.0,100.0,100.0,0.0,100.0,100.0
100.0,100.0,0.0,100.0,100.0,0.0,100.0,100.0
100.0,100.0,0.0,100.0,100.0,0.0,100.0,100.0
100.0,100.0,0.0,100.0,100.0,0.0,100.0,100.0
100.0,100.0,0.0,100.0,100.0,0.0,100.0,100.0
100.0,100.0,0.0,100.0,100.0,0.0,100.0,100.0
100.0,100.0,0.0,100.0,100.0,0.0,100.0,100.0
100.0,100.0,0.0,100.0,100.0,0.0,100.0,100.0
100.0,100.0,0.0,100.0,100.0,0.0,100.0,100.0
100.0,100.0,0.0,100.0,100.0,0.0,100.0,100.0
100.0,100.0,0.0,100.0,100.0,0.0,100.0,100.0
100.0,100.0,0.0,100.0,100.0,0.0,100.0,100.0
100.0,100.0,0.0,100.0,100.0,0.0,100.0,100.0
100.0,100.0,0.0,100.0,100.0,0.0,100.0,100.0
100.0,100.0,16.7,100.0,100.0,0.0,100.0,100.0
100.0,100.0,0.0,100.0,100.0,0.0,100.0,100.0
100.0,100.0,0.0,100.0,100.0,0.0,100.0,100.0
100.0,100.0,0.0,100.0,100.0,0.0,100.0,100.0
100.0,100.0,9.1,100.0,100.0,9.1,100.0,100.0
100.0,100.0,0.0,100.0,100.0,9.1,100.0,100.0
100.0,100.0,0.0,100.0,100.0,0.0,100.0,100.0
100.0,100.0,0.0,100.0,100.0,16.7,100.0,100.0
100.0,100.0,0.0,100.0,100.0,0.0,100.0,100.0
100.0,100.0,37.5,100.0,100.0,0.0,100.0,100.0
100.0,100.0,9.1,100.0,100.0,0.0,100.0,100.0
100.0,100.0,0.0,100.0,100.0,0.0,100.0,100.0
100.0,100.0,0.0,100.0,100.0,0.0,100.0,100.0
100.0,100.0,9.1,100.0,100.0,0.0,100.0,100.0
100.0,100.0,0.0,100.0,100.0,0.0,100.0,100.0
100.0,100.0,0.0,100.0,100.0,0.0,100.0,100.0
100.0,100.0,0.0,100.0,100.0,0.0,100.0,100.0
100.0,100.0,0.0,100.0,100.0,0.0,100.0,100.0
100.0,100.0,9.1,100.0,100.0,0.0,100.0,100.0
100.0,100.0,0.0,100.0,100.0,0.0,100.0,100.0
100.0,100.0,0.0,100.0,100.0,0.0,100.0,100.0
100.0,100.0,0.0,100.0,100.0,0.0,100.0,100.0
100.0,100.0,0.0,100.0,100.0,0.0,100.0,100.0
100.0,100.0,0.0,100.0,100.0,0.0,100.0,100.0
100.0,100.0,0.0,100.0,100.0,0.0,100.0,100.0
100.0,100.0,0.0,100.0,100.0,0.0,100.0,100.0
100.0,100.0,0.0,100.0,100.0,0.0,100.0,100.0
100.0,100.0,0.0,100.0,100.0,0.0,100.0,100.0
100.0,100.0,0.0,100.0,100.0,0.0,100.0,100.0
100.0,100.0,0.0,100.0,100.0,0.0,100.0,100.0
100.0,100.0,9.1,100.0,100.0,0.0,100.0,100.0
100.0,100.0,0.0,100.0,100.0,0.0,100.0,100.0
100.0,100.0,9.1,100.0,100.0,0.0,100.0,100.0
100.0,100.0,0.0,100.0,100.0,0.0,100.0,100.0
100.0,100.0,0.0,100.0,100.0,0.0,100.0,100.0
100.0,100.0,0.0,100.0,100.0,0.0,100.0,100.0
100.0,100.0,0.0,100.0,100.0,0.0,100.0,100.0
100.0,100.0,0.0,100.0,100.0,0.0,100.0,100.0
100.0,100.0,0.0,100.0,100.0,0.0,100.0,100.0
100.0,100.0,9.1,100.0,100.0,0.0,100.0,100.0
100.0,100.0,0.0,100.0,100.0,0.0,100.0,100.0
100.0,100.0,0.0,100.0,100.0,0.0,100.0,100.0
100.0,100.0,0.0,100.0,100.0,0.0,100.0,100.0
100.0,100.0,0.0,100.0,100.0,0.0,100.0,100.0
100.0,100.0,0.0,100.0,100.0,0.0,100.0,100.0
100.0,100.0,0.0,100.0,100.0,0.0,100.0,100.0
100.0,100.0,0.0,100.0,100.0,0.0,100.0,100.0
100.0,100.0,0.0,100.0,100.0,0.0,100.0,100.0
100.0,100.0,0.0,100.0,100.0,0.0,100.0,100.0
100.0,100.0,0.0,100.0,100.0,0.0,100.0,100.0
100.0,100.0,0.0,100.0,100.0,0.0,100.0,100.0
100.0,100.0,0.0,100.0,100.0,0.0,100.0,100.0
100.0,100.0,0.0,100.0,100.0,0.0,100.0,100.0
100.0,100.0,9.1,100.0,100.0,0.0,100.0,100.0
100.0,100.0,0.0,100.0,100.0,0.0,100.0,100.0
100.0,100.0,0.0,100.0,100.0,0.0,100.0,100.0
100.0,100.0,0.0,100.0,100.0,0.0,100.0,100.0
100.0,100.0,0.0,100.0,100.0,0.0,100.0,100.0
100.0,100.0,9.1,100.0,100.0,0.0,100.0,100.0
100.0,100.0,0.0,100.0,100.0,0.0,100.0,100.0
100.0,100.0,0.0,100.0,100.0,0.0,100.0,100.0
100.0,100.0,0.0,100.0,100.0,0.0,100.0,100.0
100.0,100.0,0.0,100.0,100.0,0.0,100.0,100.0
100.0,100.0,0.0,100.0,100.0,0.0,100.0,100.0
100.0,100.0,0.0,100.0,100.0,0.0,100.0,100.0
100.0,100.0,0.0,100.0,100.0,0.0,100.0,100.0
100.0,100.0,0.0,100.0,100.0,0.0,100.0,100.0
100.0,100.0,0.0,100.0,100.0,0.0,100.0,100.0
100.0,100.0,0.0,100.0,100.0,0.0,100.0,100.0
100.0,100.0,16.7,100.0,100.0,0.0,100.0,100.0
100.0,100.0,0.0,100.0,100.0,0.0,100.0,100.0
100.0,100.0,0.0,100.0,100.0,0.0,100.0,100.0
100.0,100.0,0.0,100.0,100.0,0.0,100.0,100.0
100.0,100.0,0.0,100.0,100.0,0.0,100.0,100.0
100.0,100.0,0.0,100.0,100.0,0.0,100.0,100.0
100.0,100.0,0.0,100.0,100.0,0.0,100.0,100.0
100.0,100.0,0.0,100.0,100.0,0.0,100.0,100.0
100.0,100.0,0.0,100.0,100.0,0.0,100.0,100.0
100.0,100.0,0.0,100.0,100.0,0.0,100.0,100.0
100.0,100.0,0.0,100.0,100.0,0.0,100.0,100.0
100.0,100.0,16.7,100.0,100.0,0.0,100.0,100.0
100.0,100.0,0.0,100.0,100.0,0.0,100.0,100.0
100.0,100.0,0.0,100.0,100.0,0.0,100.0,100.0
100.0,100.0,0.0,100.0,100.0,0.0,100.0,100.0
100.0,100.0,0.0,100.0,100.0,0.0,100.0,100.0
100.0,100.0,0.0,100.0,100.0,9.1,100.0,100.0
100.0,100.0,0.0,100.0,100.0,0.0,100.0,100.0
100.0,100.0,0.0,100.0,100.0,0.0,100.0,100.0
100.0,100.0,0.0,100.0,100.0,0.0,100.0,100.0
100.0,100.0,0.0,100.0,100.0,0.0,100.0,100.0
100.0,100.0,0.0,100.0,100.0,0.0,100.0,100.0
100.0,100.0,0.0,100.0,100.0,0.0,100.0,100.0
100.0,100.0,0.0,100.0,100.0,0.0,100.0,100.0
100.0,100.0,9.1,100.0,100.0,0.0,100.0,100.0
100.0,100.0,0.0,100.0,100.0,0.0,100.0,100.0
100.0,100.0,0.0,100.0,100.0,0.0,100.0,100.0
100.0,100.0,0.0,100.0,100.0,0.0,100.0,100.0
100.0,100.0,9.1,100.0,100.0,0.0,100.0,100.0
100.0,100.0,0.0,100.0,100.0,0.0,100.0,100.0
100.0,100.0,33.3,100.0,100.0,9.1,100.0,100.0
100.0,100.0,0.0,100.0,100.0,9.1,100.0,100.0
100.0,100.0,0.0,100.0,100.0,0.0,100.0,100.0
100.0,100.0,0.0,100.0,100.0,0.0,100.0,100.0
100.0,100.0,0.0,100.0,100.0,0.0,100.0,100.0
100.0,100.0,0.0,100.0,100.0,0.0,100.0,100.0
100.0,100.0,0.0,100.0,100.0,0.0,100.0,100.0
100.0,100.0,0.0,100.0,100.0,0.0,100.0,100.0
100.0,100.0,0.0,100.0,100.0,0.0,100.0,100.0
100.0,100.0,0.0,100.0,100.0,9.1,100.0,100.0
100.0,100.0,9.1,100.0,100.0,0.0,100.0,100.0
100.0,100.0,0.0,100.0,100.0,0.0,100.0,100.0
100.0,100.0,0.0,100.0,100.0,0.0,100.0,100.0
100.0,100.0,0.0,100.0,100.0,0.0,100.0,100.0
100.0,100.0,0.0,100.0,100.0,0.0,100.0,100.0
100.0,100.0,0.0,100.0,100.0,0.0,100.0,100.0
100.0,100.0,0.0,100.0,100.0,0.0,100.0,100.0
100.0,100.0,0.0,100.0,100.0,0.0,100.0,100.0
100.0,100.0,0.0,100.0,100.0,0.0,100.0,100.0
100.0,100.0,0.0,100.0,100.0,0.0,100.0,100.0
100.0,100.0,0.0,100.0,100.0,0.0,100.0,100.0
100.0,100.0,9.1,100.0,100.0,0.0,100.0,100.0
100.0,100.0,0.0,100.0,100.0,0.0,100.0,100.0
100.0,100.0,0.0,100.0,100.0,0.0,100.0,100.0
100.0,100.0,0.0,100.0,100.0,0.0,100.0,100.0
100.0,100.0,0.0,100.0,100.0,0.0,100.0,100.0
100.0,100.0,0.0,100.0,100.0,0.0,100.0,100.0
100.0,100.0,0.0,100.0,100.0,0.0,100.0,100.0
100.0,100.0,0.0,100.0,100.0,0.0,100.0,100.0
100.0,100.0,0.0,100.0,100.0,0.0,100.0,100.0
100.0,100.0,9.1,100.0,100.0,9.1,100.0,100.0
100.0,100.0,0.0,100.0,100.0,0.0,100.0,100.0
100.0,100.0,0.0,100.0,100.0,0.0,100.0,100.0
100.0,100.0,0.0,100.0,100.0,0.0,100.0,100.0
100.0,100.0,0.0,100.0,100.0,0.0,100.0,100.0
100.0,100.0,0.0,100.0,100.0,0.0,100.0,100.0
100.0,100.0,0.0,100.0,100.0,0.0,100.0,100.0
100.0,100.0,0.0,100.0,100.0,0.0,100.0,100.0
100.0,100.0,16.7,100.0,100.0,0.0,100.0,100.0
100.0,100.0,0.0,100.0,100.0,0.0,100.0,100.0
100.0,100.0,0.0,100.0,100.0,0.0,100.0,100.0
100.0,100.0,0.0,100.0,100.0,0.0,100.0,100.0
100.0,100.0,0.0,100.0,100.0,9.1,100.0,100.0
100.0,100.0,0.0,100.0,100.0,0.0,100.0,100.0
100.0,100.0,0.0,100.0,100.0,0.0,100.0,100.0
100.0,100.0,0.0,100.0,100.0,0.0,100.0,100.0
100.0,100.0,0.0,100.0,100.0,0.0,100.0,100.0
100.0,100.0,0.0,100.0,100.0,0.0,100.0,100.0
100.0,100.0,0.0,100.0,100.0,0.0,100.0,100.0
100.0,100.0,0.0,100.0,100.0,0.0,100.0,100.0
100.0,100.0,0.0,100.0,100.0,10.0,100.0,100.0
100.0,100.0,0.0,100.0,100.0,0.0,100.0,100.0
100.0,100.0,0.0,100.0,100.0,0.0,100.0,100.0
100.0,100.0,0.0,100.0,100.0,0.0,100.0,100.0
100.0,100.0,0.0,100.0,100.0,0.0,100.0,100.0
100.0,100.0,0.0,100.0,100.0,0.0,100.0,100.0
100.0,100.0,0.0,100.0,100.0,0.0,100.0,100.0
100.0,100.0,0.0,100.0,100.0,0.0,100.0,100.0
100.0,100.0,0.0,100.0,100.0,0.0,100.0,100.0
100.0,100.0,0.0,100.0,100.0,0.0,100.0,100.0
100.0,100.0,0.0,100.0,100.0,0.0,100.0,100.0
100.0,100.0,0.0,100.0,100.0,0.0,100.0,100.0
100.0,100.0,0.0,100.0,100.0,9.1,100.0,100.0
100.0,100.0,15.4,100.0,100.0,0.0,100.0,100.0
100.0,100.0,0.0,100.0,100.0,0.0,100.0,100.0
100.0,100.0,0.0,100.0,100.0,0.0,100.0,100.0
100.0,100.0,0.0,100.0,100.0,0.0,100.0,100.0
100.0,100.0,0.0,100.0,100.0,0.0,100.0,100.0
100.0,100.0,0.0,100.0,100.0,0.0,100.0,100.0
100.0,100.0,0.0,100.0,100.0,0.0,100.0,100.0
100.0,100.0,0.0,100.0,100.0,0.0,100.0,100.0
100.0,100.0,0.0,100.0,100.0,0.0,100.0,100.0
100.0,100.0,0.0,100.0,100.0,0.0,100.0,100.0
100.0,100.0,9.1,100.0,100.0,0.0,100.0,100.0
100.0,100.0,0.0,100.0,100.0,0.0,100.0,100.0
100.0,100.0,0.0,100.0,100.0,0.0,100.0,100.0
100.0,100.0,0.0,100.0,100.0,0.0,100.0,100.0
100.0,100.0,0.0,100.0,100.0,0.0,100.0,100.0
100.0,100.0,0.0,100.0,100.0,9.1,100.0,100.0
100.0,100.0,0.0,100.0,100.0,9.1,100.0,100.0
100.0,100.0,9.1,100.0,100.0,0.0,100.0,100.0
100.0,100.0,0.0,100.0,100.0,0.0,100.0,100.0
100.0,100.0,0.0,100.0,100.0,0.0,100.0,100.0
100.0,100.0,0.0,100.0,100.0,0.0,100.0,100.0
100.0,100.0,0.0,100.0,100.0,0.0,100.0,100.0
100.0,100.0,0.0,100.0,100.0,0.0,100.0,100.0
100.0,100.0,0.0,100.0,100.0,0.0,100.0,100.0
100.0,100.0,0.0,100.0,100.0,0.0,100.0,100.0
100.0,100.0,0.0,100.0,100.0,0.0,100.0,100.0
100.0,100.0,0.0,100.0,100.0,0.0,100.0,100.0
100.0,100.0,0.0,100.0,100.0,0.0,100.0,100.0
100.0,100.0,0.0,100.0,100.0,0.0,100.0,100.0
100.0,100.0,0.0,100.0,100.0,0.0,100.0,100.0
100.0,100.0,0.0,100.0,100.0,0.0,100.0,100.0
100.0,100.0,0.0,100.0,100.0,0.0,100.0,100.0
100.0,100.0,0.0,100.0,100.0,9.1,100.0,100.0
100.0,100.0,0.0,100.0,100.0,0.0,100.0,100.0
100.0,100.0,0.0,100.0,100.0,0.0,100.0,100.0
100.0,100.0,0.0,100.0,100.0,9.1,100.0,100.0
100.0,100.0,33.3,100.0,100.0,0.0,100.0,100.0
100.0,100.0,0.0,100.0,100.0,0.0,100.0,100.0
100.0,100.0,0.0,100.0,100.0,0.0,100.0,100.0
100.0,100.0,0.0,100.0,100.0,0.0,100.0,100.0
100.0,100.0,0.0,100.0,100.0,0.0,100.0,100.0
100.0,100.0,0.0,100.0,100.0,0.0,100.0,100.0
100.0,100.0,0.0,100.0,100.0,0.0,100.0,100.0
100.0,100.0,0.0,100.0,100.0,0.0,100.0,100.0
100.0,100.0,0.0,100.0,100.0,0.0,100.0,100.0
100.0,100.0,14.3,100.0,100.0,9.1,100.0,100.0
100.0,100.0,100.0,0.0,100.0,0.0,100.0,100.0
100.0,100.0,100.0,0.0,100.0,0.0,100.0,100.0
100.0,100.0,100.0,0.0,100.0,0.0,100.0,100.0
100.0,100.0,100.0,0.0,100.0,0.0,100.0,100.0
100.0,100.0,100.0,0.0,100.0,0.0,100.0,100.0
100.0,100.0,100.0,0.0,100.0,0.0,100.0,100.0
100.0,100.0,100.0,0.0,100.0,0.0,100.0,100.0
100.0,100.0,100.0,0.0,100.0,0.0,100.0,100.0
100.0,100.0,100.0,0.0,100.0,0.0,100.0,100.0
100.0,100.0,100.0,0.0,100.0,0.0,100.0,100.0
100.0,100.0,100.0,0.0,100.0,9.1,100.0,100.0
100.0,100.0,100.0,0.0,100.0,9.1,100.0,100.0
100.0,100.0,100.0,0.0,100.0,0.0,100.0,100.0
100.0,100.0,100.0,0.0,100.0,0.0,100.0,100.0
100.0,100.0,100.0,0.0,100.0,0.0,100.0,100.0
100.0,100.0,100.0,0.0,100.0,0.0,100.0,100.0
100.0,100.0,100.0,0.0,100.0,0.0,100.0,100.0
100.0,100.0,100.0,0.0,100.0,0.0,100.0,100.0
100.0,100.0,100.0,0.0,100.0,0.0,100.0,100.0
100.0,100.0,100.0,0.0,100.0,0.0,100.0,100.0
100.0,100.0,100.0,0.0,100.0,0.0,100.0,100.0
100.0,100.0,100.0,0.0,100.0,10.0,100.0,100.0
100.0,100.0,100.0,0.0,100.0,0.0,100.0,100.0
100.0,100.0,100.0,0.0,100.0,0.0,100.0,100.0
100.0,100.0,100.0,0.0,100.0,0.0,100.0,100.0
100.0,100.0,100.0,0.0,100.0,0.0,100.0,100.0
100.0,100.0,100.0,0.0,100.0,9.1,100.0,100.0
100.0,100.0,100.0,0.0,100.0,0.0,100.0,100.0
100.0,100.0,100.0,0.0,100.0,0.0,100.0,100.0
100.0,100.0,100.0,0.0,100.0,0.0,100.0,100.0
100.0,100.0,100.0,0.0,100.0,0.0,100.0,100.0
100.0,100.0,100.0,0.0,100.0,0.0,100.0,100.0
100.0,100.0,100.0,0.0,100.0,0.0,100.0,100.0
100.0,100.0,100.0,0.0,100.0,0.0,100.0,100.0
100.0,100.0,100.0,0.0,100.0,0.0,100.0,100.0
100.0,100.0,100.0,0.0,100.0,0.0,100.0,100.0
100.0,100.0,100.0,0.0,100.0,0.0,100.0,100.0
100.0,100.0,100.0,0.0,100.0,0.0,100.0,100.0
100.0,100.0,100.0,0.0,100.0,0.0,100.0,100.0
100.0,100.0,100.0,0.0,100.0,0.0,100.0,100.0
100.0,100.0,100.0,0.0,100.0,0.0,100.0,100.0
100.0,100.0,100.0,0.0,100.0,0.0,100.0,100.0
100.0,100.0,100.0,0.0,100.0,0.0,100.0,100.0
100.0,100.0,100.0,0.0,100.0,9.1,100.0,100.0
100.0,100.0,100.0,0.0,100.0,0.0,100.0,100.0
100.0,100.0,100.0,0.0,100.0,0.0,100.0,100.0
100.0,100.0,100.0,0.0,100.0,0.0,100.0,100.0
100.0,100.0,100.0,0.0,100.0,0.0,100.0,100.0
100.0,100.0,100.0,0.0,100.0,0.0,100.0,100.0
100.0,100.0,100.0,0.0,100.0,0.0,100.0,100.0
100.0,100.0,100.0,0.0,100.0,0.0,100.0,100.0
100.0,100.0,100.0,0.0,100.0,0.0,100.0,100.0
100.0,100.0,100.0,0.0,100.0,0.0,100.0,100.0
100.0,100.0,100.0,0.0,100.0,0.0,100.0,100.0
100.0,100.0,100.0,0.0,100.0,0.0,100.0,100.0
100.0,100.0,100.0,0.0,100.0,0.0,100.0,100.0
100.0,100.0,100.0,0.0,100.0,0.0,100.0,100.0
100.0,100.0,100.0,0.0,100.0,0.0,100.0,100.0
100.0,100.0,100.0,0.0,100.0,0.0,100.0,100.0
100.0,100.0,100.0,0.0,100.0,0.0,100.0,100.0
100.0,100.0,100.0,0.0,100.0,0.0,100.0,100.0
100.0,100.0,100.0,0.0,100.0,0.0,100.0,100.0
100.0,100.0,100.0,0.0,100.0,0.0,100.0,100.0
100.0,100.0,100.0,0.0,100.0,0.0,100.0,100.0
100.0,100.0,100.0,0.0,100.0,0.0,100.0,100.0
100.0,100.0,100.0,0.0,100.0,0.0,100.0,100.0
100.0,100.0,100.0,0.0,100.0,0.0,100.0,100.0
100.0,100.0,100.0,0.0,100.0,0.0,100.0,100.0
100.0,100.0,100.0,0.0,100.0,9.1,100.0,100.0
100.0,100.0,100.0,0.0,100.0,0.0,100.0,100.0
100.0,100.0,100.0,0.0,100.0,0.0,100.0,100.0
100.0,100.0,100.0,0.0,100.0,0.0,100.0,100.0
100.0,100.0,100.0,0.0,100.0,0.0,100.0,100.0
100.0,100.0,100.0,0.0,100.0,0.0,100.0,100.0
100.0,100.0,100.0,0.0,100.0,0.0,100.0,100.0
100.0,100.0,100.0,0.0,100.0,0.0,100.0,100.0
100.0,100.0,100.0,0.0,100.0,0.0,100.0,100.0
100.0,100.0,100.0,0.0,100.0,0.0,100.0,100.0
100.0,100.0,100.0,0.0,100.0,0.0,100.0,100.0
100.0,100.0,100.0,0.0,100.0,0.0,100.0,100.0
100.0,100.0,100.0,0.0,100.0,0.0,100.0,100.0
100.0,100.0,100.0,0.0,100.0,0.0,100.0,100.0
100.0,100.0,100.0,0.0,100.0,0.0,100.0,100.0
100.0,100.0,100.0,0.0,100.0,0.0,100.0,100.0
100.0,100.0,100.0,0.0,100.0,0.0,100.0,100.0
100.0,100.0,100.0,0.0,100.0,0.0,100.0,100.0
100.0,100.0,100.0,0.0,100.0,0.0,100.0,100.0
100.0,100.0,100.0,0.0,100.0,0.0,100.0,100.0
100.0,100.0,100.0,0.0,100.0,0.0,100.0,100.0
100.0,100.0,100.0,0.0,100.0,0.0,100.0,100.0
100.0,100.0,100.0,0.0,100.0,0.0,100.0,100.0
100.0,100.0,100.0,0.0,100.0,0.0,100.0,100.0
100.0,100.0,100.0,0.0,100.0,9.1,100.0,100.0
100.0,100.0,100.0,0.0,100.0,0.0,100.0,100.0
100.0,100.0,100.0,0.0,100.0,0.0,100.0,100.0
100.0,100.0,100.0,0.0,100.0,0.0,100.0,100.0
100.0,100.0,100.0,0.0,100.0,0.0,100.0,100.0
100.0,100.0,100.0,0.0,100.0,0.0,100.0,100.0
100.0,100.0,100.0,9.1,100.0,0.0,100.0,100.0
100.0,100.0,100.0,0.0,100.0,0.0,100.0,100.0
100.0,100.0,100.0,0.0,100.0,0.0,100.0,100.0
100.0,100.0,100.0,0.0,100.0,0.0,100.0,100.0
100.0,100.0,100.0,0.0,100.0,0.0,100.0,100.0
100.0,100.0,100.0,0.0,100.0,0.0,100.0,100.0
100.0,100.0,100.0,9.1,100.0,0.0,100.0,100.0
100.0,100.0,100.0,0.0,100.0,0.0,100.0,100.0
100.0,100.0,100.0,0.0,100.0,0.0,100.0,100.0
100.0,100.0,100.0,0.0,100.0,0.0,100.0,100.0
100.0,100.0,100.0,0.0,100.0,0.0,100.0,100.0
100.0,100.0,100.0,0.0,100.0,0.0,100.0,100.0
100.0,100.0,100.0,0.0,100.0,0.0,100.0,100.0
100.0,100.0,100.0,0.0,100.0,0.0,100.0,100.0
100.0,100.0,100.0,9.1,100.0,0.0,100.0,100.0
100.0,100.0,100.0,0.0,100.0,0.0,100.0,100.0
100.0,100.0,100.0,0.0,100.0,0.0,100.0,100.0
100.0,100.0,100.0,0.0,100.0,0.0,100.0,100.0
100.0,100.0,100.0,0.0,100.0,0.0,100.0,100.0
100.0,100.0,100.0,0.0,100.0,0.0,100.0,100.0
100.0,100.0,100.0,0.0,100.0,0.0,100.0,100.0
100.0,100.0,100.0,0.0,100.0,0.0,100.0,100.0
100.0,100.0,100.0,0.0,100.0,0.0,100.0,100.0
100.0,100.0,100.0,0.0,100.0,0.0,100.0,100.0
100.0,100.0,100.0,0.0,100.0,0.0,100.0,100.0
100.0,100.0,100.0,0.0,100.0,0.0,100.0,100.0
100.0,100.0,100.0,0.0,100.0,0.0,100.0,100.0
100.0,100.0,100.0,0.0,100.0,9.1,100.0,100.0
100.0,100.0,100.0,0.0,100.0,0.0,100.0,100.0
100.0,100.0,100.0,0.0,100.0,0.0,100.0,100.0
100.0,100.0,100.0,0.0,100.0,0.0,100.0,100.0
100.0,100.0,100.0,0.0,100.0,0.0,100.0,100.0
100.0,100.0,100.0,0.0,100.0,0.0,100.0,100.0
100.0,100.0,100.0,0.0,100.0,0.0,100.0,100.0
100.0,100.0,100.0,0.0,100.0,0.0,100.0,100.0
100.0,100.0,100.0,0.0,100.0,0.0,100.0,100.0
100.0,100.0,100.0,0.0,100.0,0.0,100.0,100.0
100.0,100.0,100.0,0.0,100.0,9.1,100.0,100.0
100.0,100.0,100.0,0.0,100.0,0.0,100.0,100.0
100.0,100.0,100.0,0.0,100.0,0.0,100.0,100.0
100.0,100.0,100.0,0.0,100.0,0.0,100.0,100.0
100.0,100.0,100.0,0.0,100.0,0.0,100.0,100.0
100.0,100.0,100.0,0.0,100.0,0.0,100.0,100.0
100.0,100.0,100.0,0.0,100.0,9.1,100.0,100.0
100.0,100.0,100.0,0.0,100.0,9.1,100.0,100.0
100.0,100.0,100.0,0.0,100.0,0.0,100.0,100.0
100.0,100.0,100.0,0.0,100.0,9.1,100.0,100.0
100.0,100.0,100.0,0.0,100.0,0.0,100.0,100.0
100.0,100.0,100.0,0.0,100.0,0.0,100.0,100.0
100.0,100.0,100.0,0.0,100.0,0.0,100.0,100.0
100.0,100.0,100.0,0.0,100.0,9.1,100.0,100.0
100.0,100.0,100.0,0.0,100.0,9.1,100.0,100.0
100.0,100.0,100.0,0.0,100.0,0.0,100.0,100.0
100.0,100.0,100.0,0.0,100.0,0.0,100.0,100.0
100.0,100.0,100.0,0.0,100.0,9.1,100.0,100.0
100.0,100.0,100.0,0.0,100.0,0.0,100.0,100.0
100.0,100.0,100.0,0.0,100.0,0.0,100.0,100.0
100.0,100.0,100.0,0.0,100.0,0.0,100.0,100.0
100.0,100.0,100.0,0.0,100.0,0.0,100.0,100.0
100.0,100.0,100.0,0.0,100.0,0.0,100.0,100.0
100.0,100.0,100.0,0.0,100.0,0.0,100.0,100.0
100.0,100.0,100.0,0.0,100.0,0.0,100.0,100.0
100.0,100.0,100.0,0.0,100.0,0.0,100.0,100.0
100.0,100.0,100.0,0.0,100.0,0.0,100.0,100.0
100.0,100.0,100.0,0.0,100.0,0.0,100.0,100.0
100.0,100.0,100.0,0.0,100.0,0.0,100.0,100.0
100.0,100.0,100.0,0.0,100.0,0.0,100.0,100.0
100.0,100.0,100.0,0.0,100.0,0.0,100.0,100.0
100.0,100.0,100.0,0.0,100.0,0.0,100.0,100.0
100.0,100.0,100.0,0.0,100.0,0.0,100.0,100.0
100.0,100.0,100.0,0.0,100.0,0.0,100.0,100.0
100.0,100.0,100.0,0.0,100.0,0.0,100.0,100.0
100.0,100.0,100.0,0.0,100.0,0.0,100.0,100.0
100.0,100.0,100.0,0.0,100.0,0.0,100.0,100.0
100.0,100.0,100.0,0.0,100.0,0.0,100.0,100.0
100.0,100.0,100.0,0.0,100.0,0.0,100.0,100.0
100.0,100.0,100.0,0.0,100.0,0.0,100.0,100.0
100.0,100.0,100.0,0.0,100.0,0.0,100.0,100.0
100.0,100.0,100.0,0.0,100.0,0.0,100.0,100.0
100.0,100.0,100.0,0.0,100.0,0.0,100.0,100.0
100.0,100.0,100.0,0.0,100.0,0.0,100.0,100.0
100.0,100.0,100.0,0.0,100.0,0.0,100.0,100.0
100.0,100.0,100.0,0.0,100.0,0.0,100.0,100.0
100.0,100.0,100.0,0.0,100.0,0.0,100.0,100.0
100.0,100.0,100.0,0.0,100.0,0.0,100.0,100.0
100.0,100.0,100.0,0.0,100.0,0.0,100.0,100.0
100.0,100.0,100.0,0.0,100.0,0.0,100.0,100.0
100.0,100.0,100.0,0.0,100.0,0.0,100.0,100.0
100.0,100.0,100.0,0.0,100.0,0.0,100.0,100.0
100.0,100.0,100.0,0.0,100.0,0.0,100.0,100.0
100.0,100.0,100.0,0.0,100.0,0.0,100.0,100.0
100.0,100.0,100.0,0.0,100.0,0.0,100.0,100.0
100.0,100.0,100.0,0.0,100.0,0.0,100.0,100.0
100.0,100.0,100.0,0.0,100.0,0.0,100.0,100.0
100.0,100.0,100.0,0.0,100.0,0.0,100.0,100.0
100.0,100.0,100.0,0.0,100.0,0.0,100.0,100.0
100.0,100.0,100.0,0.0,100.0,0.0,100.0,100.0
100.0,100.0,100.0,0.0,100.0,0.0,100.0,100.0
100.0,100.0,100.0,0.0,100.0,0.0,100.0,100.0
100.0,100.0,100.0,9.1,100.0,0.0,100.0,100.0
100.0,100.0,100.0,0.0,100.0,0.0,100.0,100.0
100.0,100.0,100.0,0.0,100.0,0.0,100.0,100.0
100.0,100.0,100.0,0.0,100.0,0.0,100.0,100.0
100.0,100.0,100.0,0.0,100.0,0.0,100.0,100.0
100.0,100.0,100.0,0.0,100.0,0.0,100.0,100.0
100.0,100.0,100.0,0.0,100.0,0.0,100.0,100.0
100.0,100.0,100.0,0.0,100.0,9.1,100.0,100.0
100.0,100.0,100.0,0.0,100.0,0.0,100.0,100.0
100.0,100.0,100.0,0.0,100.0,0.0,100.0,100.0
100.0,100.0,100.0,0.0,100.0,0.0,100.0,100.0
100.0,100.0,100.0,0.0,100.0,0.0,100.0,100.0
100.0,100.0,100.0,0.0,100.0,0.0,100.0,100.0
100.0,100.0,100.0,0.0,100.0,0.0,100.0,100.0
100.0,100.0,100.0,0.0,100.0,0.0,100.0,100.0
100.0,100.0,100.0,0.0,100.0,0.0,100.0,100.0
100.0,100.0,100.0,0.0,100.0,0.0,100.0,100.0
100.0,100.0,100.0,0.0,100.0,0.0,100.0,100.0
100.0,100.0,100.0,0.0,100.0,0.0,100.0,100.0
100.0,100.0,100.0,0.0,100.0,0.0,100.0,100.0
100.0,100.0,100.0,0.0,100.0,0.0,100.0,100.0
100.0,100.0,100.0,0.0,100.0,0.0,100.0,100.0
100.0,100.0,100.0,0.0,100.0,0.0,100.0,100.0
100.0,100.0,100.0,0.0,100.0,0.0,100.0,100.0
100.0,100.0,100.0,0.0,100.0,0.0,100.0,100.0
100.0,100.0,100.0,0.0,100.0,9.1,100.0,100.0
100.0,100.0,100.0,0.0,100.0,0.0,100.0,100.0
100.0,100.0,100.0,0.0,100.0,0.0,100.0,100.0
100.0,100.0,100.0,0.0,100.0,0.0,100.0,100.0
100.0,100.0,100.0,0.0,100.0,0.0,100.0,100.0
100.0,100.0,100.0,0.0,100.0,0.0,100.0,100.0
100.0,100.0,100.0,0.0,100.0,0.0,100.0,100.0
100.0,100.0,100.0,0.0,100.0,0.0,100.0,100.0
100.0,100.0,100.0,0.0,100.0,0.0,100.0,100.0
100.0,100.0,100.0,0.0,100.0,0.0,100.0,100.0
100.0,100.0,100.0,0.0,100.0,10.0,100.0,100.0
100.0,100.0,100.0,0.0,100.0,0.0,100.0,100.0
100.0,100.0,100.0,0.0,100.0,0.0,100.0,100.0
100.0,100.0,100.0,0.0,100.0,0.0,100.0,100.0
100.0,100.0,100.0,0.0,100.0,0.0,100.0,100.0
100.0,100.0,100.0,0.0,100.0,0.0,100.0,100.0
100.0,100.0,63.6,0.0,100.0,40.0,100.0,100.0
100.0,100.0,0.0,0.0,100.0,100.0,100.0,100.0
100.0,100.0,0.0,0.0,100.0,100.0,100.0,100.0
100.0,100.0,0.0,0.0,100.0,100.0,100.0,100.0
100.0,100.0,0.0,0.0,100.0,100.0,100.0,100.0
100.0,100.0,0.0,0.0,100.0,100.0,100.0,100.0
100.0,100.0,0.0,0.0,100.0,100.0,100.0,100.0
100.0,100.0,0.0,0.0,100.0,100.0,100.0,100.0
100.0,100.0,0.0,0.0,100.0,100.0,100.0,100.0
100.0,100.0,0.0,0.0,100.0,100.0,100.0,100.0
100.0,100.0,0.0,0.0,100.0,100.0,100.0,100.0
100.0,100.0,0.0,0.0,100.0,100.0,100.0,100.0
100.0,100.0,0.0,0.0,100.0,100.0,100.0,100.0
100.0,100.0,0.0,0.0,100.0,100.0,100.0,100.0
100.0,100.0,0.0,100.0,100.0,0.0,100.0,100.0
100.0,100.0,0.0,100.0,100.0,0.0,100.0,100.0
100.0,100.0,0.0,100.0,100.0,0.0,100.0,100.0
100.0,100.0,0.0,100.0,100.0,0.0,100.0,100.0
100.0,100.0,0.0,100.0,100.0,0.0,100.0,100.0
100.0,100.0,0.0,100.0,100.0,0.0,100.0,100.0
100.0,100.0,23.1,100.0,100.0,0.0,100.0,100.0
100.0,100.0,0.0,100.0,100.0,0.0,100.0,100.0
100.0,100.0,0.0,100.0,100.0,9.1,100.0,100.0
100.0,100.0,0.0,100.0,100.0,0.0,100.0,100.0
100.0,100.0,0.0,100.0,100.0,0.0,100.0,100.0
100.0,100.0,0.0,100.0,100.0,0.0,100.0,100.0
100.0,100.0,0.0,100.0,100.0,0.0,100.0,100.0
100.0,100.0,0.0,100.0,100.0,9.1,100.0,100.0
100.0,100.0,0.0,100.0,100.0,0.0,100.0,100.0
100.0,100.0,33.3,100.0,100.0,0.0,100.0,100.0
100.0,100.0,23.1,100.0,100.0,0.0,100.0,100.0
100.0,100.0,0.0,100.0,100.0,0.0,100.0,100.0
100.0,100.0,0.0,100.0,100.0,0.0,100.0,100.0
100.0,100.0,0.0,100.0,100.0,9.1,100.0,100.0
100.0,100.0,16.7,100.0,100.0,0.0,100.0,100.0
100.0,100.0,0.0,100.0,100.0,9.1,100.0,100.0
100.0,100.0,9.1,100.0,100.0,0.0,100.0,100.0
100.0,100.0,0.0,100.0,100.0,0.0,100.0,100.0
100.0,100.0,0.0,100.0,100.0,0.0,100.0,100.0
100.0,100.0,0.0,100.0,100.0,0.0,100.0,100.0
100.0,100.0,0.0,100.0,100.0,0.0,100.0,100.0
100.0,100.0,9.1,100.0,100.0,9.1,100.0,100.0
100.0,100.0,0.0,100.0,100.0,0.0,100.0,100.0
100.0,100.0,0.0,100.0,100.0,0.0,100.0,100.0
100.0,100.0,0.0,100.0,100.0,0.0,100.0,100.0
100.0,100.0,0.0,100.0,100.0,0.0,100.0,100.0
100.0,100.0,0.0,100.0,100.0,0.0,100.0,100.0
100.0,100.0,0.0,100.0,100.0,0.0,100.0,100.0
100.0,100.0,16.7,100.0,100.0,0.0,100.0,100.0
100.0,100.0,0.0,100.0,100.0,9.1,100.0,100.0
100.0,100.0,35.7,100.0,100.0,0.0,100.0,100.0
100.0,100.0,0.0,100.0,100.0,0.0,100.0,100.0
100.0,100.0,0.0,100.0,100.0,9.1,100.0,100.0
100.0,100.0,0.0,100.0,100.0,0.0,100.0,100.0
100.0,100.0,9.1,100.0,100.0,0.0,100.0,100.0
100.0,100.0,0.0,100.0,100.0,0.0,100.0,100.0
100.0,100.0,9.1,100.0,100.0,0.0,100.0,100.0
100.0,100.0,0.0,100.0,100.0,0.0,100.0,100.0
100.0,100.0,0.0,100.0,100.0,0.0,100.0,100.0
100.0,100.0,0.0,100.0,100.0,0.0,100.0,100.0
100.0,100.0,9.1,100.0,100.0,0.0,100.0,100.0
100.0,100.0,9.1,100.0,100.0,0.0,100.0,100.0
100.0,100.0,0.0,100.0,100.0,0.0,100.0,100.0
100.0,100.0,0.0,100.0,100.0,0.0,100.0,100.0
100.0,100.0,16.7,100.0,100.0,0.0,100.0,100.0
100.0,100.0,9.1,100.0,100.0,0.0,100.0,100.0
100.0,100.0,0.0,100.0,100.0,0.0,100.0,100.0
100.0,100.0,0.0,100.0,100.0,9.1,100.0,100.0
100.0,100.0,0.0,100.0,100.0,0.0,100.0,100.0
100.0,100.0,0.0,100.0,100.0,0.0,100.0,100.0
100.0,100.0,0.0,100.0,100.0,0.0,100.0,100.0
100.0,100.0,0.0,100.0,100.0,0.0,100.0,100.0
100.0,100.0,9.1,100.0,100.0,0.0,100.0,100.0
100.0,100.0,0.0,100.0,100.0,0.0,100.0,100.0
100.0,100.0,0.0,100.0,100.0,0.0,100.0,100.0
100.0,100.0,0.0,100.0,100.0,0.0,100.0,100.0
100.0,100.0,0.0,100.0,100.0,0.0,100.0,100.0
100.0,100.0,0.0,100.0,100.0,0.0,100.0,100.0
100.0,100.0,9.1,100.0,100.0,0.0,100.0,100.0
100.0,100.0,16.7,100.0,100.0,0.0,100.0,100.0
100.0,100.0,0.0,100.0,100.0,0.0,100.0,100.0
100.0,100.0,10.0,100.0,100.0,0.0,100.0,100.0
100.0,100.0,0.0,100.0,100.0,0.0,100.0,100.0
100.0,100.0,0.0,100.0,100.0,0.0,100.0,100.0
100.0,100.0,0.0,100.0,100.0,0.0,100.0,100.0
100.0,100.0,0.0,100.0,100.0,9.1,100.0,100.0
100.0,100.0,16.7,100.0,100.0,0.0,100.0,100.0
100.0,100.0,0.0,100.0,100.0,0.0,100.0,100.0
100.0,100.0,0.0,100.0,100.0,9.1,100.0,100.0
100.0,100.0,0.0,100.0,100.0,0.0,100.0,100.0
100.0,100.0,9.1,100.0,100.0,0.0,100.0,100.0
100.0,100.0,0.0,100.0,100.0,0.0,100.0,100.0
100.0,100.0,0.0,100.0,100.0,0.0,100.0,100.0
100.0,100.0,0.0,100.0,100.0,9.1,100.0,100.0
100.0,100.0,0.0,100.0,100.0,0.0,100.0,100.0
100.0,100.0,0.0,100.0,100.0,0.0,100.0,100.0
100.0,100.0,0.0,100.0,100.0,0.0,100.0,100.0
100.0,100.0,0.0,100.0,100.0,0.0,100.0,100.0
100.0,100.0,0.0,100.0,100.0,0.0,100.0,100.0
100.0,100.0,0.0,100.0,100.0,0.0,100.0,100.0
100.0,100.0,0.0,100.0,100.0,0.0,100.0,100.0
100.0,100.0,10.0,100.0,100.0,0.0,100.0,100.0
100.0,100.0,0.0,100.0,100.0,0.0,100.0,100.0
100.0,100.0,9.1,100.0,100.0,0.0,100.0,100.0
100.0,100.0,0.0,100.0,100.0,9.1,100.0,100.0
100.0,100.0,0.0,100.0,100.0,0.0,100.0,100.0
100.0,100.0,0.0,100.0,100.0,0.0,100.0,100.0
100.0,100.0,0.0,100.0,100.0,0.0,100.0,100.0
100.0,100.0,0.0,100.0,100.0,0.0,100.0,100.0
100.0,100.0,16.7,100.0,100.0,0.0,100.0,100.0
100.0,100.0,0.0,100.0,100.0,0.0,100.0,100.0
100.0,100.0,0.0,100.0,100.0,0.0,100.0,100.0
100.0,100.0,0.0,100.0,100.0,0.0,100.0,100.0
100.0,100.0,0.0,100.0,100.0,0.0,100.0,100.0
100.0,100.0,0.0,100.0,100.0,0.0,100.0,100.0
100.0,100.0,9.1,100.0,100.0,0.0,100.0,100.0
100.0,100.0,0.0,100.0,100.0,0.0,100.0,100.0
100.0,100.0,0.0,100.0,100.0,0.0,100.0,100.0
100.0,100.0,0.0,100.0,100.0,0.0,100.0,100.0
100.0,100.0,8.3,100.0,100.0,0.0,100.0,100.0
100.0,100.0,0.0,100.0,100.0,0.0,100.0,100.0
100.0,100.0,10.0,100.0,100.0,0.0,100.0,100.0
100.0,100.0,0.0,100.0,100.0,0.0,100.0,100.0
100.0,100.0,9.1,100.0,100.0,0.0,100.0,100.0
100.0,100.0,0.0,100.0,100.0,0.0,100.0,100.0
100.0,100.0,23.1,100.0,100.0,0.0,100.0,100.0
100.0,100.0,0.0,100.0,100.0,9.1,100.0,100.0
100.0,100.0,0.0,100.0,100.0,0.0,100.0,100.0
100.0,100.0,0.0,100.0,100.0,0.0,100.0,100.0
100.0,100.0,9.1,100.0,100.0,0.0,100.0,100.0
100.0,100.0,0.0,100.0,100.0,0.0,100.0,100.0
100.0,100.0,0.0,100.0,100.0,0.0,100.0,100.0
100.0,100.0,0.0,100.0,100.0,0.0,100.0,100.0
100.0,100.0,0.0,100.0,100.0,0.0,100.0,100.0
100.0,100.0,0.0,100.0,100.0,0.0,100.0,100.0
100.0,100.0,28.6,100.0,100.0,0.0,100.0,100.0
100.0,100.0,0.0,100.0,100.0,0.0,100.0,100.0
100.0,100.0,23.1,100.0,100.0,0.0,100.0,100.0
100.0,100.0,0.0,100.0,100.0,0.0,100.0,100.0
100.0,100.0,0.0,100.0,100.0,0.0,100.0,100.0
100.0,100.0,0.0,100.0,100.0,0.0,100.0,100.0
100.0,100.0,8.3,100.0,100.0,0.0,100.0,100.0
100.0,100.0,0.0,100.0,100.0,0.0,100.0,100.0
100.0,100.0,9.1,100.0,100.0,0.0,100.0,100.0
100.0,100.0,28.6,100.0,100.0,0.0,100.0,100.0
100.0,100.0,0.0,100.0,100.0,0.0,100.0,100.0
100.0,100.0,0.0,100.0,100.0,0.0,100.0,100.0
100.0,100.0,0.0,100.0,100.0,0.0,100.0,100.0
100.0,100.0,0.0,100.0,100.0,0.0,100.0,100.0
100.0,100.0,33.3,100.0,100.0,0.0,100.0,100.0
100.0,100.0,0.0,100.0,100.0,0.0,100.0,100.0
100.0,100.0,0.0,100.0,100.0,0.0,100.0,100.0
100.0,100.0,0.0,100.0,100.0,0.0,100.0,100.0
100.0,100.0,0.0,100.0,100.0,0.0,100.0,100.0
100.0,100.0,9.1,100.0,100.0,0.0,100.0,100.0
100.0,100.0,0.0,100.0,100.0,0.0,100.0,100.0
100.0,100.0,0.0,100.0,100.0,0.0,100.0,100.0
100.0,100.0,0.0,100.0,100.0,0.0,100.0,100.0
100.0,100.0,0.0,100.0,100.0,0.0,100.0,100.0
100.0,100.0,0.0,100.0,100.0,0.0,100.0,100.0
100.0,100.0,0.0,100.0,100.0,0.0,100.0,100.0
100.0,100.0,9.1,100.0,100.0,0.0,100.0,100.0
100.0,100.0,0.0,100.0,100.0,0.0,100.0,100.0
100.0,100.0,0.0,100.0,100.0,0.0,100.0,100.0
100.0,100.0,0.0,100.0,100.0,0.0,100.0,100.0
100.0,100.0,0.0,100.0,100.0,0.0,100.0,100.0
100.0,100.0,9.1,100.0,100.0,0.0,100.0,100.0
100.0,100.0,0.0,100.0,100.0,9.1,100.0,100.0
100.0,100.0,0.0,100.0,100.0,0.0,100.0,100.0
100.0,100.0,0.0,100.0,100.0,9.1,100.0,100.0
100.0,100.0,0.0,100.0,100.0,0.0,100.0,100.0
100.0,100.0,0.0,100.0,100.0,0.0,100.0,100.0
100.0,100.0,0.0,100.0,100.0,9.1,100.0,100.0
100.0,100.0,0.0,100.0,100.0,0.0,100.0,100.0
100.0,100.0,0.0,100.0,100.0,0.0,100.0,100.0
100.0,100.0,0.0,100.0,100.0,0.0,100.0,100.0
100.0,100.0,0.0,100.0,100.0,0.0,100.0,100.0
100.0,100.0,0.0,100.0,100.0,0.0,100.0,100.0
100.0,100.0,0.0,100.0,100.0,0.0,100.0,100.0
100.0,100.0,0.0,100.0,100.0,9.1,100.0,100.0
100.0,100.0,9.1,100.0,100.0,0.0,100.0,100.0
100.0,100.0,0.0,100.0,100.0,0.0,100.0,100.0
100.0,100.0,0.0,100.0,100.0,0.0,100.0,100.0
100.0,100.0,0.0,100.0,100.0,0.0,100.0,100.0
100.0,100.0,0.0,100.0,100.0,0.0,100.0,100.0
100.0,100.0,0.0,100.0,100.0,0.0,100.0,100.0
100.0,100.0,0.0,100.0,100.0,0.0,100.0,100.0
100.0,100.0,0.0,100.0,100.0,0.0,100.0,100.0
100.0,100.0,40.0,70.0,100.0,40.0,66.7,100.0
100.0,100.0,100.0,0.0,100.0,0.0,100.0,100.0
100.0,100.0,100.0,0.0,100.0,0.0,100.0,100.0
100.0,100.0,100.0,0.0,100.0,0.0,100.0,100.0
100.0,100.0,100.0,0.0,100.0,0.0,100.0,100.0
100.0,100.0,100.0,0.0,100.0,0.0,100.0,100.0
100.0,100.0,100.0,0.0,100.0,0.0,100.0,100.0
100.0,100.0,100.0,0.0,100.0,0.0,100.0,100.0
100.0,100.0,100.0,0.0,100.0,0.0,100.0,100.0
100.0,100.0,100.0,0.0,100.0,0.0,100.0,100.0
100.0,100.0,100.0,0.0,100.0,0.0,100.0,100.0
100.0,100.0,100.0,0.0,100.0,9.1,100.0,100.0
100.0,100.0,100.0,0.0,100.0,0.0,100.0,100.0
100.0,100.0,100.0,0.0,100.0,0.0,100.0,100.0
100.0,100.0,100.0,0.0,100.0,0.0,100.0,100.0
100.0,100.0,100.0,0.0,100.0,0.0,100.0,100.0
100.0,100.0,100.0,0.0,100.0,0.0,100.0,100.0
100.0,100.0,100.0,0.0,100.0,0.0,100.0,100.0
100.0,100.0,100.0,0.0,100.0,0.0,100.0,100.0
100.0,100.0,100.0,0.0,100.0,0.0,100.0,100.0
100.0,100.0,100.0,0.0,100.0,0.0,100.0,100.0
100.0,100.0,100.0,0.0,100.0,0.0,100.0,100.0
100.0,100.0,100.0,0.0,100.0,9.1,100.0,100.0
100.0,100.0,100.0,0.0,100.0,0.0,100.0,100.0
100.0,100.0,100.0,0.0,100.0,0.0,100.0,100.0
100.0,100.0,100.0,0.0,100.0,0.0,100.0,100.0
100.0,100.0,100.0,0.0,100.0,0.0,100.0,100.0
100.0,100.0,100.0,0.0,100.0,0.0,100.0,100.0
100.0,100.0,100.0,0.0,100.0,0.0,100.0,100.0
100.0,100.0,100.0,0.0,100.0,0.0,100.0,100.0
100.0,100.0,100.0,0.0,100.0,0.0,100.0,100.0
100.0,100.0,100.0,0.0,100.0,0.0,100.0,100.0
100.0,100.0,100.0,0.0,100.0,0.0,100.0,100.0
100.0,100.0,100.0,0.0,100.0,0.0,100.0,100.0
100.0,100.0,100.0,0.0,100.0,0.0,100.0,100.0
100.0,100.0,100.0,0.0,100.0,0.0,100.0,100.0
100.0,100.0,100.0,0.0,100.0,0.0,100.0,100.0
100.0,100.0,100.0,0.0,100.0,0.0,100.0,100.0
100.0,100.0,100.0,0.0,100.0,0.0,100.0,100.0
100.0,100.0,100.0,0.0,100.0,0.0,100.0,100.0
100.0,100.0,100.0,0.0,100.0,0.0,100.0,100.0
100.0,100.0,100.0,0.0,100.0,0.0,100.0,100.0
100.0,100.0,100.0,0.0,100.0,0.0,100.0,100.0
100.0,100.0,100.0,0.0,100.0,0.0,100.0,100.0
100.0,100.0,100.0,0.0,100.0,9.1,100.0,100.0
100.0,100.0,100.0,0.0,100.0,0.0,100.0,100.0
100.0,100.0,100.0,0.0,100.0,0.0,100.0,100.0
100.0,100.0,100.0,0.0,100.0,0.0,100.0,100.0
100.0,100.0,100.0,0.0,100.0,0.0,100.0,100.0
100.0,100.0,100.0,0.0,100.0,0.0,100.0,100.0
100.0,100.0,100.0,0.0,100.0,0.0,100.0,100.0
100.0,100.0,100.0,0.0,100.0,0.0,100.0,100.0
100.0,100.0,100.0,0.0,100.0,0.0,100.0,100.0
100.0,100.0,100.0,0.0,100.0,0.0,100.0,100.0
100.0,100.0,100.0,0.0,100.0,0.0,100.0,100.0
100.0,100.0,100.0,0.0,100.0,0.0,100.0,100.0
100.0,100.0,100.0,0.0,100.0,0.0,100.0,100.0
100.0,100.0,100.0,0.0,100.0,0.0,100.0,100.0
100.0,100.0,100.0,0.0,100.0,0.0,100.0,100.0
100.0,100.0,100.0,0.0,100.0,0.0,100.0,100.0
100.0,100.0,100.0,10.0,100.0,10.0,100.0,100.0
100.0,100.0,100.0,0.0,100.0,9.1,100.0,100.0
100.0,100.0,100.0,0.0,100.0,0.0,100.0,100.0
100.0,100.0,100.0,0.0,100.0,0.0,100.0,100.0
100.0,100.0,100.0,0.0,100.0,0.0,100.0,100.0
100.0,100.0,100.0,0.0,100.0,9.1,100.0,100.0
100.0,100.0,100.0,0.0,100.0,0.0,100.0,100.0
100.0,100.0,100.0,0.0,100.0,0.0,100.0,100.0
100.0,100.0,100.0,0.0,100.0,0.0,100.0,100.0
100.0,100.0,100.0,0.0,100.0,0.0,100.0,100.0
100.0,100.0,100.0,0.0,100.0,0.0,100.0,100.0
100.0,100.0,100.0,0.0,100.0,0.0,100.0,100.0
100.0,100.0,100.0,0.0,100.0,0.0,100.0,100.0
100.0,100.0,100.0,0.0,100.0,0.0,100.0,100.0
100.0,100.0,100.0,0.0,100.0,0.0,100.0,100.0
100.0,100.0,100.0,0.0,100.0,0.0,100.0,100.0
100.0,100.0,100.0,0.0,100.0,9.1,100.0,100.0
100.0,100.0,100.0,0.0,100.0,0.0,100.0,100.0
100.0,100.0,100.0,0.0,100.0,0.0,100.0,100.0
100.0,100.0,100.0,0.0,100.0,0.0,100.0,100.0
100.0,100.0,100.0,0.0,100.0,0.0,100.0,100.0
100.0,100.0,100.0,0.0,100.0,0.0,100.0,100.0
100.0,100.0,100.0,0.0,100.0,0.0,100.0,100.0
100.0,100.0,100.0,0.0,100.0,0.0,100.0,100.0
100.0,100.0,100.0,0.0,100.0,0.0,100.0,100.0
100.0,100.0,100.0,0.0,100.0,0.0,100.0,100.0
100.0,100.0,100.0,0.0,100.0,0.0,100.0,100.0
100.0,100.0,100.0,0.0,100.0,0.0,100.0,100.0
100.0,100.0,100.0,0.0,100.0,0.0,100.0,100.0
100.0,100.0,100.0,0.0,100.0,0.0,100.0,100.0
100.0,100.0,100.0,0.0,100.0,0.0,100.0,100.0
100.0,100.0,100.0,0.0,100.0,0.0,100.0,100.0
100.0,100.0,100.0,0.0,100.0,0.0,100.0,100.0
100.0,100.0,100.0,0.0,100.0,0.0,100.0,100.0
100.0,100.0,100.0,0.0,100.0,0.0,100.0,100.0
100.0,100.0,100.0,0.0,100.0,0.0,100.0,100.0
100.0,100.0,100.0,0.0,100.0,0.0,100.0,100.0
100.0,100.0,100.0,0.0,100.0,0.0,100.0,100.0
100.0,100.0,100.0,0.0,100.0,0.0,100.0,100.0
100.0,100.0,100.0,0.0,100.0,0.0,100.0,100.0
100.0,100.0,100.0,0.0,100.0,0.0,100.0,100.0
100.0,100.0,100.0,0.0,100.0,0.0,100.0,100.0
100.0,100.0,100.0,0.0,100.0,9.1,100.0,100.0
100.0,100.0,100.0,0.0,100.0,0.0,100.0,100.0
100.0,100.0,100.0,0.0,100.0,0.0,100.0,100.0
100.0,100.0,100.0,0.0,100.0,0.0,100.0,100.0
100.0,100.0,100.0,0.0,100.0,0.0,100.0,100.0
100.0,100.0,100.0,0.0,100.0,0.0,100.0,100.0
100.0,100.0,100.0,0.0,100.0,0.0,100.0,100.0
100.0,100.0,100.0,0.0,100.0,0.0,100.0,100.0
100.0,100.0,100.0,0.0,100.0,0.0,100.0,100.0
100.0,100.0,100.0,0.0,100.0,0.0,100.0,100.0
100.0,100.0,100.0,0.0,100.0,0.0,100.0,100.0
100.0,100.0,100.0,0.0,100.0,0.0,100.0,100.0
100.0,100.0,100.0,0.0,100.0,9.1,100.0,100.0
100.0,100.0,100.0,9.1,100.0,0.0,100.0,100.0
100.0,100.0,100.0,0.0,100.0,0.0,100.0,100.0
100.0,100.0,100.0,0.0,100.0,0.0,100.0,100.0
100.0,100.0,100.0,0.0,100.0,0.0,100.0,100.0
100.0,100.0,100.0,0.0,100.0,9.1,100.0,100.0
100.0,100.0,100.0,0.0,100.0,0.0,100.0,100.0
100.0,100.0,100.0,0.0,100.0,0.0,100.0,100.0
100.0,100.0,100.0,0.0,100.0,0.0,100.0,100.0
100.0,100.0,100.0,0.0,100.0,0.0,100.0,100.0
100.0,100.0,100.0,0.0,100.0,0.0,100.0,100.0
100.0,100.0,100.0,0.0,100.0,0.0,100.0,100.0
100.0,100.0,100.0,0.0,100.0,9.1,100.0,100.0
100.0,100.0,100.0,0.0,100.0,0.0,100.0,100.0
100.0,100.0,100.0,0.0,100.0,0.0,100.0,100.0
100.0,100.0,100.0,0.0,100.0,0.0,100.0,100.0
100.0,100.0,100.0,0.0,100.0,9.1,100.0,100.0
100.0,100.0,100.0,0.0,100.0,0.0,100.0,100.0
100.0,100.0,100.0,0.0,100.0,0.0,100.0,100.0
100.0,100.0,100.0,0.0,100.0,0.0,100.0,100.0
100.0,100.0,100.0,0.0,100.0,9.1,100.0,100.0
100.0,100.0,100.0,0.0,100.0,0.0,100.0,100.0
100.0,100.0,100.0,0.0,100.0,0.0,100.0,100.0
100.0,100.0,100.0,9.1,100.0,0.0,100.0,100.0
100.0,100.0,100.0,0.0,100.0,0.0,100.0,100.0
100.0,100.0,100.0,0.0,100.0,0.0,100.0,100.0
100.0,100.0,100.0,0.0,100.0,0.0,100.0,100.0
100.0,100.0,100.0,0.0,100.0,0.0,100.0,100.0
100.0,100.0,100.0,0.0,100.0,0.0,100.0,100.0
100.0,100.0,100.0,0.0,100.0,0.0,100.0,100.0
100.0,100.0,100.0,0.0,100.0,0.0,100.0,100.0
100.0,100.0,100.0,0.0,100.0,0.0,100.0,100.0
100.0,100.0,100.0,0.0,100.0,0.0,100.0,100.0
100.0,100.0,100.0,0.0,100.0,0.0,100.0,100.0
100.0,100.0,100.0,0.0,100.0,0.0,100.0,100.0
100.0,100.0,100.0,0.0,100.0,0.0,100.0,100.0
100.0,100.0,100.0,0.0,100.0,0.0,100.0,100.0
100.0,100.0,100.0,0.0,100.0,0.0,100.0,100.0
100.0,100.0,100.0,0.0,100.0,0.0,100.0,100.0
100.0,100.0,100.0,0.0,100.0,0.0,100.0,100.0
100.0,100.0,100.0,0.0,100.0,0.0,100.0,100.0
100.0,100.0,100.0,0.0,100.0,0.0,100.0,100.0
100.0,100.0,100.0,0.0,100.0,0.0,100.0,100.0
100.0,100.0,100.0,9.1,100.0,0.0,100.0,100.0
100.0,100.0,100.0,0.0,100.0,0.0,100.0,100.0
100.0,100.0,100.0,0.0,100.0,0.0,100.0,100.0
100.0,100.0,100.0,0.0,100.0,0.0,100.0,100.0
100.0,100.0,100.0,0.0,100.0,0.0,100.0,100.0
100.0,100.0,100.0,0.0,100.0,0.0,100.0,100.0
100.0,100.0,100.0,0.0,100.0,0.0,100.0,100.0
100.0,100.0,100.0,0.0,100.0,0.0,100.0,100.0
100.0,100.0,100.0,0.0,100.0,0.0,100.0,100.0
100.0,100.0,100.0,0.0,100.0,0.0,100.0,100.0
100.0,100.0,100.0,0.0,100.0,0.0,100.0,100.0
100.0,100.0,100.0,0.0,100.0,0.0,100.0,100.0
100.0,100.0,100.0,0.0,100.0,0.0,100.0,100.0
100.0,100.0,100.0,0.0,100.0,0.0,100.0,100.0
100.0,100.0,100.0,0.0,100.0,0.0,100.0,100.0
100.0,100.0,100.0,0.0,100.0,0.0,100.0,100.0
100.0,100.0,100.0,0.0,100.0,0.0,100.0,100.0
100.0,100.0,100.0,0.0,100.0,0.0,100.0,100.0
100.0,100.0,100.0,0.0,100.0,0.0,100.0,100.0
100.0,100.0,100.0,0.0,100.0,0.0,100.0,100.0
100.0,100.0,100.0,0.0,100.0,0.0,100.0,100.0
100.0,100.0,100.0,0.0,100.0,0.0,100.0,100.0
100.0,100.0,100.0,0.0,100.0,0.0,100.0,100.0
100.0,100.0,100.0,0.0,100.0,0.0,100.0,100.0
100.0,100.0,100.0,0.0,100.0,0.0,100.0,100.0
100.0,100.0,69.2,0.0,100.0,0.0,100.0,100.0
58.3,100.0,76.9,0.0,100.0,60.0,100.0,100.0
0.0,100.0,100.0,12.5,100.0,100.0,100.0,100.0
0.0,100.0,100.0,0.0,100.0,100.0,100.0,100.0
0.0,100.0,100.0,0.0,100.0,100.0,100.0,100.0
16.7,100.0,100.0,12.5,100.0,100.0,100.0,100.0
0.0,100.0,100.0,0.0,100.0,100.0,100.0,100.0
0.0,100.0,60.0,11.1,100.0,100.0,100.0,100.0
0.0,100.0,0.0,0.0,100.0,100.0,100.0,100.0
0.0,100.0,0.0,0.0,100.0,100.0,100.0,100.0
28.6,100.0,60.0,0.0,100.0,100.0,100.0,100.0
16.7,100.0,100.0,0.0,100.0,100.0,100.0,100.0
9.1,100.0,100.0,0.0,100.0,100.0,100.0,100.0
0.0,100.0,100.0,0.0,100.0,100.0,100.0,100.0
0.0,100.0,70.0,33.3,100.0,100.0,100.0,100.0
0.0,100.0,0.0,100.0,100.0,100.0,100.0,100.0
0.0,100.0,0.0,100.0,100.0,100.0,100.0,100.0
0.0,100.0,9.1,100.0,100.0,100.0,100.0,100.0
0.0,100.0,0.0,100.0,100.0,100.0,100.0,100.0
0.0,100.0,9.1,100.0,100.0,100.0,100.0,100.0
0.0,100.0,10.0,100.0,100.0,100.0,100.0,100.0
0.0,100.0,0.0,100.0,100.0,100.0,100.0,100.0
0.0,100.0,10.0,100.0,100.0,100.0,100.0,100.0
0.0,100.0,0.0,100.0,100.0,100.0,100.0,100.0
0.0,100.0,0.0,100.0,100.0,100.0,100.0,100.0
0.0,100.0,9.1,100.0,100.0,100.0,100.0,100.0
23.1,100.0,33.3,100.0,100.0,100.0,100.0,100.0
10.0,100.0,18.2,100.0,100.0,100.0,100.0,100.0
10.0,100.0,10.0,100.0,100.0,100.0,100.0,100.0
0.0,100.0,10.0,100.0,100.0,100.0,100.0,100.0
28.6,100.0,30.0,100.0,100.0,100.0,100.0,100.0
25.0,100.0,27.3,100.0,100.0,100.0,100.0,100.0
100.0,100.0,47.4,0.0,100.0,100.0,100.0,100.0
63.6,100.0,47.1,72.7,100.0,100.0,100.0,100.0
90.0,100.0,50.0,50.0,100.0,100.0,100.0,100.0
33.3,100.0,28.6,10.0,100.0,100.0,100.0,100.0
27.3,100.0,10.0,0.0,100.0,100.0,100.0,100.0
0.0,100.0,9.1,0.0,100.0,100.0,100.0,100.0
30.8,100.0,18.2,0.0,100.0,100.0,100.0,100.0
9.1,100.0,18.2,18.2,100.0,100.0,100.0,100.0
0.0,100.0,10.0,9.1,100.0,100.0,100.0,100.0
18.2,100.0,0.0,0.0,100.0,100.0,100.0,100.0
9.1,100.0,16.7,0.0,100.0,100.0,100.0,100.0
0.0,100.0,9.1,20.0,100.0,100.0,100.0,100.0
25.0,100.0,10.0,0.0,100.0,100.0,100.0,100.0
0.0,100.0,0.0,0.0,100.0,100.0,100.0,100.0
30.8,100.0,45.5,0.0,100.0,100.0,100.0,100.0
0.0,100.0,9.1,0.0,100.0,100.0,100.0,100.0
0.0,100.0,0.0,0.0,100.0,100.0,100.0,100.0
0.0,100.0,22.2,11.1,100.0,100.0,100.0,100.0
16.7,100.0,100.0,0.0,100.0,100.0,100.0,100.0
0.0,100.0,100.0,0.0,100.0,100.0,100.0,100.0
9.1,100.0,100.0,12.5,100.0,100.0,100.0,100.0
0.0,100.0,100.0,0.0,100.0,100.0,100.0,100.0
0.0,100.0,100.0,0.0,100.0,100.0,100.0,100.0
23.1,100.0,100.0,0.0,100.0,100.0,100.0,100.0
0.0,100.0,100.0,0.0,100.0,100.0,100.0,100.0
0.0,100.0,100.0,0.0,100.0,100.0,100.0,100.0
9.1,100.0,100.0,25.0,100.0,100.0,100.0,100.0
28.6,100.0,100.0,0.0,100.0,100.0,100.0,100.0
0.0,100.0,100.0,0.0,100.0,100.0,100.0,100.0
0.0,100.0,100.0,0.0,100.0,100.0,100.0,100.0
0.0,100.0,100.0,0.0,100.0,100.0,100.0,100.0
0.0,100.0,100.0,0.0,100.0,100.0,100.0,100.0
0.0,100.0,100.0,0.0,100.0,100.0,100.0,100.0
9.1,100.0,100.0,0.0,100.0,100.0,100.0,100.0
0.0,100.0,100.0,0.0,100.0,100.0,100.0,100.0
0.0,100.0,100.0,12.5,100.0,100.0,100.0,100.0
0.0,100.0,100.0,0.0,100.0,100.0,100.0,100.0
0.0,100.0,100.0,0.0,100.0,100.0,100.0,100.0
9.1,100.0,100.0,12.5,100.0,100.0,100.0,100.0
0.0,100.0,100.0,0.0,100.0,100.0,100.0,100.0
0.0,100.0,100.0,12.5,100.0,100.0,100.0,100.0
23.1,100.0,100.0,0.0,100.0,100.0,100.0,100.0
0.0,100.0,100.0,0.0,100.0,100.0,100.0,100.0
0.0,100.0,100.0,0.0,100.0,100.0,100.0,100.0
0.0,100.0,100.0,0.0,100.0,100.0,100.0,100.0
33.3,100.0,100.0,0.0,100.0,100.0,100.0,100.0
0.0,100.0,100.0,0.0,100.0,100.0,100.0,100.0
10.0,100.0,100.0,0.0,100.0,100.0,100.0,100.0
0.0,100.0,100.0,0.0,100.0,100.0,100.0,100.0
0.0,100.0,100.0,0.0,100.0,100.0,100.0,100.0
0.0,100.0,100.0,10.0,100.0,100.0,100.0,100.0
9.1,100.0,100.0,0.0,100.0,100.0,100.0,100.0
0.0,100.0,100.0,0.0,100.0,100.0,100.0,100.0
0.0,100.0,100.0,0.0,100.0,100.0,100.0,100.0
9.1,100.0,100.0,0.0,100.0,100.0,100.0,100.0
0.0,100.0,100.0,0.0,100.0,100.0,100.0,100.0
0.0,100.0,100.0,0.0,100.0,100.0,100.0,100.0
0.0,100.0,100.0,0.0,100.0,100.0,100.0,100.0
9.1,100.0,100.0,0.0,100.0,100.0,100.0,100.0
0.0,100.0,100.0,0.0,100.0,100.0,100.0,100.0
0.0,100.0,100.0,0.0,100.0,100.0,100.0,100.0
0.0,100.0,100.0,0.0,100.0,100.0,100.0,100.0
18.2,100.0,100.0,22.2,100.0,100.0,100.0,100.0
20.0,100.0,9.1,100.0,100.0,100.0,100.0,100.0
27.3,100.0,30.8,100.0,100.0,100.0,100.0,100.0
18.2,100.0,10.0,100.0,100.0,100.0,100.0,100.0
18.2,100.0,20.0,100.0,100.0,100.0,100.0,100.0
11.1,100.0,18.2,100.0,100.0,100.0,100.0,100.0
16.7,100.0,16.7,100.0,100.0,100.0,100.0,100.0
25.0,100.0,11.1,75.0,100.0,100.0,100.0,100.0
0.0,100.0,9.1,55.6,100.0,100.0,100.0,100.0
10.0,100.0,0.0,60.0,100.0,100.0,100.0,100.0
25.0,100.0,16.7,33.3,100.0,100.0,100.0,100.0
0.0,100.0,9.1,66.7,100.0,100.0,100.0,100.0
9.1,100.0,10.0,50.0,100.0,100.0,100.0,100.0
46.2,100.0,55.6,33.3,100.0,100.0,100.0,100.0
35.7,100.0,58.3,0.0,100.0,100.0,100.0,100.0
47.1,100.0,77.8,0.0,100.0,100.0,100.0,100.0
25.0,100.0,36.4,0.0,100.0,100.0,100.0,100.0
40.0,100.0,50.0,0.0,100.0,100.0,100.0,100.0
45.5,100.0,50.0,72.7,100.0,100.0,100.0,100.0
85.7,100.0,56.2,30.0,100.0,100.0,100.0,100.0
56.2,100.0,72.7,44.4,100.0,100.0,100.0,100.0
50.0,100.0,50.0,100.0,100.0,100.0,100.0,100.0
33.3,100.0,27.3,100.0,100.0,100.0,100.0,100.0
33.3,100.0,36.4,100.0,100.0,100.0,100.0,100.0
20.0,100.0,9.1,100.0,100.0,100.0,100.0,100.0
46.7,100.0,87.5,30.0,100.0,100.0,100.0,100.0
50.0,100.0,100.0,0.0,100.0,100.0,100.0,100.0
33.3,100.0,100.0,10.0,100.0,100.0,100.0,100.0
9.1,100.0,100.0,0.0,100.0,100.0,100.0,100.0
0.0,100.0,100.0,18.2,100.0,100.0,100.0,100.0
9.1,100.0,100.0,0.0,100.0,100.0,100.0,100.0
0.0,100.0,100.0,0.0,100.0,100.0,100.0,100.0
37.5,100.0,100.0,10.0,100.0,100.0,100.0,100.0
23.1,100.0,100.0,0.0,100.0,100.0,100.0,100.0
0.0,100.0,100.0,0.0,100.0,100.0,100.0,100.0
0.0,100.0,100.0,10.0,100.0,100.0,100.0,100.0
9.1,100.0,100.0,10.0,100.0,100.0,100.0,100.0
9.1,100.0,100.0,0.0,100.0,100.0,100.0,100.0
9.1,100.0,100.0,0.0,100.0,100.0,100.0,100.0
42.9,100.0,63.6,45.5,100.0,100.0,100.0,100.0
20.0,100.0,38.5,100.0,100.0,100.0,100.0,100.0
25.0,100.0,20.0,100.0,100.0,100.0,100.0,100.0
63.6,100.0,66.7,100.0,100.0,100.0,100.0,100.0
45.5,100.0,53.8,100.0,100.0,100.0,100.0,100.0
50.0,100.0,36.4,90.9,100.0,100.0,100.0,100.0
50.0,100.0,41.7,100.0,100.0,100.0,100.0,100.0
36.4,100.0,30.0,100.0,100.0,100.0,100.0,100.0
10.0,100.0,18.2,80.0,100.0,100.0,100.0,100.0
0.0,100.0,100.0,10.0,100.0,100.0,100.0,100.0
9.1,100.0,100.0,10.0,100.0,100.0,100.0,100.0
0.0,100.0,100.0,0.0,100.0,100.0,100.0,100.0
0.0,100.0,100.0,10.0,100.0,100.0,100.0,100.0
0.0,100.0,100.0,10.0,100.0,100.0,100.0,100.0
0.0,100.0,100.0,0.0,100.0,100.0,100.0,100.0
0.0,100.0,100.0,18.2,100.0,100.0,100.0,100.0
0.0,100.0,100.0,0.0,100.0,100.0,100.0,100.0
0.0,100.0,100.0,10.0,100.0,100.0,100.0,100.0
21.4,100.0,100.0,10.0,100.0,100.0,100.0,100.0
10.0,100.0,100.0,20.0,100.0,100.0,100.0,100.0
60.0,100.0,57.1,63.6,100.0,100.0,100.0,100.0
27.3,100.0,25.0,100.0,100.0,100.0,100.0,100.0
27.3,100.0,25.0,100.0,100.0,100.0,100.0,100.0
69.2,100.0,60.0,100.0,100.0,10.0,100.0,100.0
50.0,100.0,46.2,66.7,100.0,90.0,100.0,100.0
0.0,100.0,10.0,100.0,100.0,100.0,100.0,100.0
23.1,100.0,25.0,100.0,100.0,100.0,100.0,100.0
33.3,100.0,36.4,100.0,100.0,100.0,100.0,100.0
25.0,100.0,23.1,100.0,100.0,100.0,100.0,100.0
10.0,100.0,11.1,100.0,100.0,100.0,100.0,100.0
0.0,100.0,9.1,100.0,100.0,100.0,100.0,100.0
18.2,100.0,10.0,100.0,100.0,100.0,100.0,100.0
70.0,100.0,63.6,55.6,100.0,100.0,100.0,100.0
45.5,100.0,41.7,70.0,100.0,100.0,100.0,100.0
9.1,100.0,0.0,100.0,100.0,100.0,100.0,100.0
30.8,100.0,41.7,80.0,100.0,100.0,100.0,100.0
38.5,100.0,60.0,66.7,100.0,100.0,100.0,100.0
27.3,100.0,25.0,100.0,100.0,100.0,100.0,100.0
27.3,100.0,28.6,100.0,100.0,100.0,100.0,100.0
25.0,100.0,10.0,100.0,100.0,100.0,100.0,100.0
10.0,100.0,0.0,100.0,100.0,100.0,100.0,100.0
0.0,100.0,0.0,100.0,100.0,100.0,100.0,100.0
0.0,100.0,0.0,100.0,100.0,100.0,100.0,100.0
0.0,100.0,0.0,100.0,100.0,100.0,100.0,100.0
20.0,100.0,9.1,100.0,100.0,100.0,100.0,100.0
58.3,100.0,45.5,100.0,100.0,77.8,100.0,100.0
30.0,100.0,33.3,100.0,100.0,100.0,100.0,100.0
60.0,100.0,40.0,100.0,100.0,100.0,100.0,100.0
10.0,100.0,9.1,100.0,100.0,100.0,100.0,100.0
18.2,100.0,10.0,100.0,100.0,100.0,100.0,100.0
0.0,100.0,0.0,100.0,100.0,100.0,100.0,100.0
0.0,100.0,0.0,100.0,100.0,100.0,100.0,100.0
9.1,100.0,0.0,100.0,100.0,100.0,100.0,100.0
38.5,100.0,55.6,54.5,100.0,66.7,100.0,100.0
52.9,100.0,100.0,0.0,100.0,10.0,100.0,100.0
28.6,100.0,22.2,11.1,100.0,66.7,100.0,100.0
10.0,100.0,10.0,100.0,100.0,20.0,100.0,100.0
9.1,100.0,10.0,100.0,100.0,30.0,100.0,100.0
0.0,100.0,10.0,100.0,100.0,0.0,100.0,100.0
28.6,90.0,70.0,100.0,100.0,9.1,100.0,91.7
33.3,55.6,54.5,50.0,50.0,0.0,45.5,60.0
0.0,9.1,10.0,10.0,0.0,10.0,0.0,0.0
0.0,0.0,0.0,0.0,0.0,0.0,0.0,0.0
0.0,0.0,0.0,0.0,0.0,0.0,0.0,0.0
0.0,0.0,0.0,0.0,0.0,0.0,0.0,0.0
0.0,0.0,0.0,0.0,0.0,0.0,0.0,0.0
0.0,0.0,0.0,0.0,0.0,0.0,0.0,0.0
0.0,0.0,0.0,0.0,0.0,0.0,0.0,0.0
0.0,0.0,0.0,0.0,0.0,0.0,0.0,0.0
0.0,0.0,0.0,0.0,0.0,0.0,0.0,0.0
0.0,0.0,0.0,0.0,0.0,0.0,0.0,0.0
0.0,0.0,0.0,0.0,0.0,0.0,0.0,0.0
0.0,0.0,0.0,0.0,0.0,0.0,0.0,0.0
0.0,0.0,0.0,0.0,0.0,0.0,0.0,0.0
0.0,0.0,0.0,0.0,0.0,0.0,0.0,0.0
0.0,0.0,0.0,0.0,0.0,0.0,0.0,0.0
0.0,0.0,0.0,0.0,0.0,0.0,0.0,0.0
0.0,0.0,0.0,0.0,0.0,0.0,0.0,0.0
0.0,0.0,0.0,0.0,0.0,0.0,0.0,0.0
0.0,0.0,0.0,0.0,0.0,0.0,0.0,0.0
0.0,0.0,0.0,0.0,0.0,0.0,0.0,0.0
0.0,0.0,0.0,0.0,0.0,0.0,0.0,0.0
0.0,0.0,0.0,0.0,0.0,0.0,0.0,0.0
0.0,0.0,0.0,0.0,0.0,0.0,0.0,0.0
0.0,0.0,0.0,0.0,0.0,0.0,0.0,0.0
0.0,0.0,0.0,0.0,0.0,0.0,0.0,0.0
0.0,0.0,0.0,0.0,0.0,0.0,0.0,0.0
0.0,0.0,0.0,0.0,0.0,0.0,0.0,0.0
0.0,0.0,0.0,0.0,0.0,0.0,0.0,0.0
0.0,0.0,0.0,0.0,0.0,0.0,0.0,0.0
0.0,0.0,0.0,0.0,0.0,0.0,0.0,0.0
0.0,0.0,0.0,0.0,0.0,0.0,0.0,0.0
0.0,0.0,0.0,0.0,0.0,0.0,0.0,0.0
0.0,0.0,0.0,0.0,0.0,0.0,0.0,0.0
0.0,0.0,0.0,0.0,0.0,0.0,0.0,0.0
0.0,0.0,0.0,0.0,0.0,0.0,0.0,0.0
0.0,0.0,0.0,0.0,0.0,0.0,0.0,0.0
0.0,0.0,9.1,0.0,0.0,0.0,0.0,9.1
0.0,0.0,0.0,0.0,0.0,0.0,0.0,0.0
0.0,0.0,0.0,0.0,0.0,0.0,0.0,0.0
0.0,0.0,0.0,0.0,0.0,0.0,0.0,0.0
0.0,0.0,0.0,0.0,0.0,0.0,0.0,0.0
0.0,0.0,0.0,0.0,0.0,0.0,0.0,0.0
0.0,0.0,0.0,0.0,0.0,0.0,0.0,0.0
0.0,0.0,0.0,0.0,0.0,0.0,0.0,0.0
0.0,0.0,0.0,0.0,0.0,0.0,0.0,0.0
0.0,0.0,0.0,0.0,0.0,0.0,0.0,0.0
0.0,0.0,0.0,0.0,0.0,0.0,0.0,0.0
0.0,0.0,0.0,0.0,0.0,0.0,0.0,0.0
0.0,0.0,0.0,0.0,0.0,0.0,0.0,0.0
0.0,0.0,0.0,0.0,0.0,0.0,0.0,0.0
0.0,0.0,0.0,0.0,0.0,0.0,0.0,0.0
0.0,0.0,0.0,0.0,0.0,0.0,0.0,0.0
0.0,0.0,0.0,0.0,0.0,0.0,0.0,0.0
0.0,0.0,0.0,0.0,0.0,0.0,0.0,0.0
0.0,0.0,0.0,0.0,0.0,0.0,0.0,0.0
0.0,0.0,0.0,0.0,0.0,0.0,0.0,0.0
0.0,0.0,0.0,0.0,0.0,0.0,0.0,0.0
0.0,0.0,0.0,0.0,0.0,0.0,0.0,0.0
0.0,0.0,0.0,0.0,0.0,0.0,0.0,0.0
0.0,0.0,0.0,0.0,0.0,0.0,0.0,0.0
0.0,0.0,0.0,0.0,0.0,0.0,0.0,0.0
0.0,0.0,0.0,0.0,0.0,0.0,0.0,0.0
0.0,0.0,0.0,0.0,0.0,0.0,0.0,0.0
0.0,0.0,0.0,0.0,0.0,0.0,0.0,0.0
0.0,0.0,0.0,0.0,0.0,0.0,0.0,0.0
0.0,0.0,0.0,0.0,0.0,0.0,0.0,0.0
0.0,0.0,0.0,0.0,0.0,0.0,0.0,0.0
0.0,0.0,0.0,0.0,0.0,0.0,0.0,0.0
0.0,0.0,0.0,0.0,0.0,0.0,0.0,0.0
0.0,0.0,0.0,0.0,0.0,0.0,0.0,0.0
0.0,0.0,0.0,0.0,0.0,0.0,0.0,0.0
0.0,0.0,0.0,0.0,0.0,0.0,0.0,0.0
0.0,0.0,0.0,0.0,0.0,0.0,0.0,0.0
0.0,0.0,0.0,0.0,0.0,0.0,0.0,0.0
0.0,0.0,0.0,0.0,0.0,0.0,0.0,0.0
0.0,0.0,0.0,0.0,0.0,0.0,0.0,0.0
0.0,0.0,0.0,0.0,0.0,0.0,0.0,0.0
0.0,0.0,0.0,0.0,0.0,0.0,0.0,0.0
0.0,0.0,0.0,0.0,0.0,0.0,0.0,0.0
0.0,0.0,0.0,0.0,0.0,0.0,0.0,0.0
0.0,0.0,0.0,0.0,0.0,0.0,0.0,0.0
0.0,0.0,0.0,0.0,0.0,0.0,0.0,0.0
0.0,0.0,0.0,0.0,0.0,0.0,0.0,0.0
0.0,0.0,0.0,0.0,0.0,0.0,0.0,0.0
0.0,0.0,0.0,0.0,0.0,0.0,0.0,0.0
0.0,0.0,0.0,0.0,0.0,0.0,0.0,0.0
0.0,0.0,0.0,0.0,0.0,0.0,0.0,0.0
0.0,0.0,0.0,0.0,0.0,0.0,0.0,0.0
0.0,0.0,0.0,0.0,0.0,0.0,0.0,0.0
0.0,0.0,0.0,0.0,0.0,0.0,0.0,0.0
0.0,0.0,0.0,0.0,0.0,0.0,0.0,0.0
0.0,0.0,0.0,0.0,0.0,0.0,0.0,0.0
0.0,0.0,0.0,0.0,0.0,0.0,0.0,0.0
0.0,0.0,0.0,0.0,0.0,0.0,0.0,0.0
0.0,0.0,0.0,0.0,0.0,0.0,0.0,0.0
0.0,0.0,0.0,0.0,0.0,0.0,0.0,0.0
0.0,0.0,0.0,0.0,0.0,0.0,0.0,0.0
0.0,0.0,0.0,0.0,0.0,0.0,0.0,0.0
0.0,0.0,0.0,0.0,0.0,0.0,0.0,0.0
0.0,0.0,0.0,0.0,0.0,0.0,0.0,0.0
0.0,0.0,0.0,0.0,0.0,0.0,0.0,0.0
0.0,0.0,0.0,0.0,0.0,0.0,0.0,0.0
0.0,0.0,0.0,0.0,0.0,0.0,0.0,0.0
0.0,0.0,0.0,0.0,0.0,0.0,0.0,0.0
0.0,0.0,0.0,0.0,0.0,0.0,0.0,0.0
0.0,0.0,0.0,0.0,0.0,0.0,0.0,0.0
0.0,0.0,0.0,0.0,0.0,0.0,0.0,0.0
0.0,0.0,0.0,0.0,0.0,0.0,0.0,0.0
0.0,0.0,0.0,0.0,0.0,0.0,0.0,0.0
0.0,0.0,0.0,0.0,0.0,0.0,0.0,0.0
0.0,0.0,0.0,0.0,0.0,0.0,0.0,0.0
0.0,0.0,0.0,0.0,0.0,0.0,0.0,0.0
0.0,0.0,0.0,0.0,0.0,0.0,0.0,0.0
0.0,0.0,0.0,0.0,0.0,0.0,0.0,0.0
0.0,0.0,0.0,0.0,0.0,0.0,0.0,0.0
0.0,0.0,0.0,0.0,0.0,0.0,0.0,0.0
0.0,0.0,0.0,0.0,0.0,0.0,0.0,0.0
0.0,0.0,0.0,0.0,0.0,0.0,0.0,0.0
0.0,0.0,0.0,0.0,0.0,0.0,0.0,0.0
0.0,0.0,0.0,0.0,0.0,0.0,0.0,0.0
0.0,0.0,0.0,0.0,0.0,0.0,0.0,0.0
0.0,0.0,0.0,0.0,0.0,0.0,0.0,0.0
0.0,0.0,0.0,0.0,0.0,0.0,0.0,0.0
0.0,0.0,0.0,0.0,0.0,0.0,0.0,0.0
0.0,0.0,0.0,0.0,0.0,0.0,0.0,0.0
0.0,0.0,0.0,0.0,0.0,0.0,0.0,0.0
0.0,0.0,0.0,0.0,0.0,0.0,0.0,0.0
0.0,0.0,0.0,0.0,0.0,0.0,0.0,0.0
0.0,0.0,0.0,0.0,0.0,0.0,0.0,0.0
0.0,0.0,0.0,0.0,0.0,0.0,0.0,0.0
0.0,0.0,0.0,0.0,0.0,0.0,0.0,0.0
0.0,0.0,0.0,0.0,0.0,0.0,0.0,0.0
9.1,0.0,0.0,0.0,0.0,0.0,0.0,0.0
0.0,0.0,0.0,0.0,0.0,0.0,0.0,0.0
0.0,0.0,0.0,0.0,0.0,0.0,0.0,0.0
0.0,0.0,0.0,0.0,0.0,0.0,0.0,0.0
0.0,0.0,0.0,0.0,0.0,0.0,0.0,0.0
0.0,0.0,0.0,0.0,0.0,0.0,0.0,0.0
0.0,0.0,0.0,0.0,0.0,0.0,0.0,0.0
0.0,0.0,0.0,0.0,0.0,9.1,0.0,0.0
0.0,0.0,0.0,0.0,0.0,0.0,0.0,0.0
0.0,0.0,0.0,0.0,0.0,0.0,0.0,0.0
0.0,0.0,0.0,0.0,0.0,0.0,0.0,0.0
0.0,0.0,0.0,0.0,0.0,0.0,0.0,0.0
0.0,0.0,0.0,0.0,0.0,0.0,0.0,0.0
0.0,0.0,0.0,0.0,0.0,0.0,0.0,0.0
0.0,0.0,0.0,0.0,0.0,0.0,0.0,0.0
0.0,0.0,0.0,0.0,0.0,0.0,0.0,0.0
0.0,0.0,0.0,0.0,0.0,0.0,0.0,0.0
0.0,0.0,0.0,0.0,0.0,0.0,0.0,0.0
0.0,0.0,0.0,0.0,0.0,0.0,0.0,0.0
0.0,0.0,0.0,0.0,0.0,0.0,0.0,0.0
0.0,0.0,0.0,0.0,0.0,0.0,0.0,0.0
0.0,0.0,0.0,0.0,0.0,0.0,0.0,0.0
0.0,0.0,0.0,0.0,0.0,0.0,0.0,0.0
0.0,0.0,0.0,0.0,0.0,0.0,0.0,0.0
0.0,0.0,0.0,0.0,0.0,0.0,0.0,0.0
0.0,0.0,0.0,0.0,0.0,0.0,0.0,0.0
0.0,0.0,0.0,0.0,0.0,0.0,0.0,0.0
0.0,0.0,0.0,0.0,0.0,0.0,0.0,0.0
0.0,0.0,0.0,0.0,0.0,0.0,0.0,0.0
0.0,0.0,0.0,0.0,0.0,0.0,0.0,0.0
0.0,0.0,0.0,0.0,0.0,0.0,0.0,0.0
0.0,0.0,0.0,0.0,0.0,0.0,0.0,0.0
0.0,0.0,0.0,0.0,0.0,0.0,0.0,0.0
0.0,0.0,0.0,0.0,0.0,0.0,0.0,0.0
0.0,0.0,0.0,0.0,0.0,0.0,0.0,0.0
0.0,0.0,0.0,0.0,0.0,0.0,0.0,0.0
0.0,0.0,0.0,0.0,0.0,0.0,0.0,0.0
0.0,0.0,0.0,0.0,0.0,0.0,0.0,0.0
0.0,0.0,0.0,0.0,0.0,0.0,0.0,0.0
0.0,0.0,0.0,0.0,0.0,0.0,0.0,0.0
0.0,0.0,0.0,0.0,0.0,0.0,0.0,0.0
0.0,0.0,0.0,0.0,0.0,0.0,0.0,0.0
0.0,0.0,0.0,0.0,0.0,0.0,0.0,0.0
0.0,0.0,0.0,0.0,0.0,0.0,0.0,0.0
0.0,0.0,0.0,0.0,0.0,0.0,0.0,0.0
0.0,0.0,0.0,0.0,0.0,0.0,0.0,0.0
0.0,0.0,0.0,0.0,0.0,0.0,0.0,0.0
0.0,0.0,0.0,0.0,0.0,0.0,0.0,0.0
0.0,0.0,0.0,0.0,0.0,0.0,0.0,0.0
0.0,0.0,0.0,0.0,0.0,0.0,0.0,0.0
0.0,0.0,0.0,0.0,0.0,0.0,0.0,0.0
0.0,0.0,0.0,0.0,0.0,0.0,0.0,0.0
0.0,0.0,0.0,0.0,0.0,0.0,0.0,0.0
0.0,0.0,0.0,0.0,0.0,0.0,0.0,0.0
0.0,0.0,0.0,0.0,0.0,0.0,0.0,0.0
0.0,0.0,0.0,0.0,0.0,0.0,0.0,0.0
0.0,0.0,0.0,0.0,0.0,0.0,0.0,0.0
0.0,0.0,0.0,0.0,0.0,0.0,0.0,0.0
0.0,0.0,0.0,0.0,0.0,0.0,0.0,0.0
0.0,0.0,0.0,0.0,0.0,0.0,0.0,0.0
0.0,0.0,0.0,0.0,0.0,0.0,0.0,0.0
0.0,0.0,0.0,0.0,0.0,0.0,0.0,0.0
0.0,0.0,0.0,0.0,0.0,0.0,0.0,0.0
0.0,0.0,0.0,0.0,0.0,0.0,0.0,0.0
0.0,0.0,0.0,0.0,0.0,0.0,0.0,0.0
0.0,0.0,0.0,0.0,0.0,0.0,0.0,0.0
0.0,0.0,0.0,0.0,0.0,0.0,0.0,0.0
0.0,0.0,0.0,0.0,0.0,0.0,0.0,0.0
0.0,0.0,0.0,0.0,0.0,0.0,0.0,0.0
0.0,0.0,0.0,0.0,0.0,0.0,0.0,0.0
0.0,0.0,0.0,0.0,0.0,0.0,0.0,0.0
0.0,0.0,0.0,0.0,0.0,0.0,0.0,0.0
0.0,0.0,0.0,0.0,0.0,0.0,0.0,0.0
0.0,0.0,0.0,0.0,0.0,0.0,0.0,0.0
0.0,0.0,0.0,0.0,0.0,0.0,0.0,0.0
0.0,0.0,0.0,0.0,0.0,0.0,0.0,0.0
0.0,0.0,0.0,0.0,0.0,0.0,0.0,0.0
0.0,0.0,0.0,0.0,0.0,0.0,0.0,0.0
0.0,0.0,0.0,0.0,0.0,0.0,0.0,0.0
0.0,0.0,0.0,0.0,0.0,0.0,0.0,0.0
0.0,0.0,0.0,0.0,0.0,0.0,0.0,0.0
0.0,0.0,0.0,0.0,0.0,0.0,0.0,0.0
0.0,0.0,0.0,0.0,0.0,0.0,0.0,0.0
0.0,0.0,0.0,0.0,0.0,0.0,0.0,0.0
0.0,0.0,0.0,0.0,0.0,0.0,0.0,0.0
0.0,0.0,0.0,0.0,0.0,0.0,0.0,0.0
0.0,0.0,0.0,0.0,0.0,0.0,0.0,0.0
0.0,0.0,0.0,0.0,0.0,0.0,0.0,0.0
0.0,0.0,0.0,0.0,0.0,0.0,0.0,0.0
0.0,0.0,0.0,0.0,0.0,0.0,0.0,0.0
0.0,0.0,0.0,0.0,0.0,0.0,0.0,0.0
0.0,0.0,0.0,0.0,0.0,0.0,0.0,0.0
0.0,0.0,0.0,0.0,0.0,0.0,0.0,0.0
0.0,0.0,0.0,0.0,0.0,0.0,0.0,0.0
0.0,0.0,0.0,0.0,0.0,0.0,0.0,0.0
0.0,0.0,0.0,0.0,0.0,0.0,0.0,0.0
0.0,0.0,0.0,0.0,0.0,0.0,0.0,0.0
0.0,0.0,0.0,0.0,0.0,0.0,0.0,0.0
0.0,0.0,0.0,0.0,0.0,0.0,0.0,0.0
0.0,0.0,0.0,0.0,0.0,0.0,0.0,0.0
0.0,0.0,0.0,0.0,0.0,0.0,0.0,0.0
0.0,0.0,0.0,0.0,0.0,0.0,0.0,0.0
0.0,0.0,0.0,0.0,0.0,0.0,0.0,0.0
0.0,0.0,0.0,0.0,0.0,0.0,0.0,0.0
0.0,0.0,0.0,0.0,0.0,0.0,0.0,0.0
0.0,0.0,0.0,0.0,0.0,0.0,0.0,0.0
0.0,0.0,0.0,0.0,0.0,0.0,0.0,0.0
0.0,0.0,0.0,0.0,0.0,0.0,0.0,0.0
0.0,0.0,0.0,0.0,0.0,0.0,0.0,0.0
0.0,0.0,0.0,0.0,0.0,0.0,0.0,0.0
0.0,0.0,0.0,0.0,0.0,0.0,0.0,0.0
0.0,0.0,0.0,0.0,0.0,0.0,0.0,0.0
0.0,0.0,0.0,0.0,0.0,9.1,0.0,0.0
0.0,0.0,0.0,0.0,0.0,0.0,0.0,0.0
0.0,0.0,0.0,0.0,0.0,0.0,0.0,0.0
0.0,0.0,0.0,0.0,0.0,0.0,0.0,0.0
0.0,0.0,0.0,0.0,0.0,0.0,0.0,0.0
0.0,0.0,0.0,0.0,0.0,0.0,0.0,0.0
0.0,0.0,0.0,0.0,0.0,0.0,0.0,0.0
0.0,0.0,0.0,0.0,0.0,0.0,0.0,0.0
0.0,0.0,0.0,0.0,0.0,0.0,0.0,0.0
0.0,0.0,0.0,0.0,0.0,0.0,0.0,0.0
0.0,0.0,0.0,0.0,0.0,0.0,0.0,0.0
0.0,0.0,0.0,0.0,0.0,0.0,0.0,0.0
0.0,0.0,0.0,0.0,0.0,9.1,0.0,0.0
0.0,0.0,0.0,0.0,0.0,0.0,0.0,0.0
0.0,0.0,0.0,0.0,0.0,0.0,0.0,0.0
0.0,0.0,0.0,0.0,0.0,0.0,0.0,0.0
0.0,0.0,0.0,0.0,0.0,0.0,0.0,0.0
0.0,0.0,0.0,0.0,0.0,0.0,0.0,0.0
0.0,0.0,0.0,0.0,0.0,0.0,0.0,0.0
0.0,0.0,0.0,0.0,0.0,0.0,0.0,0.0
0.0,0.0,0.0,0.0,0.0,0.0,0.0,0.0
0.0,0.0,0.0,0.0,0.0,0.0,0.0,0.0
0.0,0.0,0.0,0.0,0.0,0.0,0.0,0.0
0.0,0.0,0.0,0.0,0.0,0.0,0.0,0.0
0.0,0.0,0.0,0.0,0.0,0.0,0.0,0.0
0.0,0.0,0.0,0.0,0.0,0.0,0.0,0.0
0.0,0.0,0.0,0.0,0.0,0.0,0.0,0.0
0.0,0.0,0.0,0.0,0.0,0.0,0.0,0.0
0.0,0.0,0.0,0.0,0.0,0.0,0.0,0.0
0.0,0.0,0.0,0.0,0.0,0.0,0.0,0.0
0.0,0.0,0.0,0.0,0.0,0.0,0.0,0.0
0.0,0.0,0.0,0.0,0.0,0.0,0.0,0.0
0.0,0.0,0.0,0.0,0.0,0.0,0.0,0.0
0.0,0.0,0.0,0.0,0.0,0.0,0.0,0.0
0.0,0.0,0.0,0.0,0.0,0.0,0.0,0.0
0.0,0.0,0.0,0.0,0.0,0.0,0.0,0.0
0.0,0.0,0.0,0.0,0.0,0.0,0.0,0.0
0.0,0.0,0.0,0.0,0.0,0.0,0.0,0.0
0.0,0.0,0.0,0.0,0.0,0.0,0.0,0.0
0.0,0.0,0.0,0.0,0.0,0.0,0.0,0.0
0.0,0.0,0.0,0.0,0.0,0.0,0.0,0.0
0.0,0.0,0.0,0.0,0.0,0.0,0.0,0.0
0.0,0.0,0.0,0.0,0.0,0.0,0.0,0.0
0.0,0.0,0.0,0.0,0.0,0.0,0.0,0.0
0.0,0.0,0.0,0.0,0.0,0.0,0.0,0.0
0.0,0.0,0.0,0.0,0.0,0.0,0.0,0.0
0.0,0.0,0.0,0.0,0.0,0.0,0.0,0.0
0.0,0.0,0.0,0.0,0.0,0.0,0.0,0.0
0.0,0.0,0.0,0.0,0.0,0.0,0.0,0.0
0.0,0.0,0.0,0.0,0.0,0.0,0.0,0.0
0.0,0.0,0.0,0.0,0.0,0.0,0.0,0.0
0.0,0.0,0.0,0.0,0.0,0.0,0.0,0.0
0.0,0.0,0.0,0.0,0.0,0.0,0.0,0.0
0.0,0.0,0.0,0.0,0.0,0.0,0.0,0.0
0.0,0.0,0.0,0.0,0.0,0.0,0.0,0.0
0.0,0.0,0.0,0.0,0.0,0.0,0.0,0.0
0.0,0.0,0.0,0.0,0.0,0.0,0.0,0.0
0.0,0.0,0.0,0.0,0.0,0.0,0.0,0.0
0.0,0.0,0.0,0.0,0.0,0.0,0.0,0.0
0.0,0.0,0.0,0.0,0.0,0.0,0.0,0.0
0.0,0.0,0.0,0.0,0.0,0.0,0.0,0.0
0.0,0.0,0.0,0.0,0.0,0.0,0.0,0.0
0.0,0.0,0.0,0.0,0.0,0.0,0.0,0.0
0.0,0.0,0.0,0.0,0.0,0.0,0.0,0.0
0.0,0.0,0.0,0.0,0.0,0.0,0.0,0.0
0.0,0.0,0.0,0.0,0.0,0.0,0.0,0.0
0.0,0.0,0.0,0.0,0.0,0.0,0.0,0.0
0.0,0.0,0.0,0.0,0.0,0.0,0.0,0.0
0.0,0.0,0.0,0.0,0.0,0.0,0.0,0.0
0.0,0.0,0.0,0.0,0.0,0.0,0.0,0.0
0.0,0.0,0.0,0.0,0.0,0.0,0.0,0.0
0.0,0.0,0.0,0.0,0.0,0.0,0.0,0.0
0.0,0.0,0.0,0.0,0.0,0.0,0.0,0.0
0.0,0.0,0.0,0.0,0.0,0.0,0.0,0.0
0.0,0.0,0.0,0.0,0.0,0.0,0.0,0.0
0.0,0.0,0.0,0.0,0.0,0.0,0.0,0.0
0.0,0.0,0.0,0.0,0.0,0.0,0.0,0.0
0.0,0.0,0.0,0.0,0.0,0.0,0.0,0.0
0.0,0.0,0.0,0.0,0.0,0.0,0.0,0.0
0.0,0.0,0.0,0.0,0.0,0.0,0.0,0.0
0.0,0.0,0.0,0.0,0.0,0.0,0.0,0.0
0.0,0.0,0.0,0.0,0.0,0.0,0.0,0.0
0.0,0.0,0.0,0.0,0.0,0.0,0.0,0.0
0.0,0.0,0.0,0.0,0.0,0.0,0.0,0.0
0.0,0.0,0.0,0.0,0.0,0.0,0.0,0.0
0.0,0.0,0.0,0.0,0.0,0.0,0.0,0.0
0.0,0.0,0.0,0.0,0.0,0.0,0.0,0.0
0.0,0.0,0.0,0.0,0.0,0.0,0.0,0.0
0.0,0.0,0.0,0.0,0.0,0.0,0.0,0.0
0.0,0.0,0.0,0.0,0.0,0.0,0.0,0.0
0.0,0.0,0.0,0.0,0.0,0.0,0.0,0.0
0.0,0.0,0.0,0.0,0.0,0.0,0.0,0.0
0.0,0.0,0.0,0.0,0.0,0.0,0.0,0.0
0.0,0.0,0.0,0.0,0.0,0.0,0.0,0.0
0.0,0.0,0.0,0.0,0.0,0.0,0.0,0.0
0.0,0.0,0.0,0.0,0.0,0.0,0.0,0.0
0.0,0.0,0.0,0.0,0.0,0.0,0.0,0.0
0.0,0.0,0.0,0.0,0.0,0.0,0.0,0.0
0.0,0.0,0.0,0.0,0.0,0.0,0.0,0.0
0.0,0.0,0.0,0.0,0.0,0.0,0.0,0.0
0.0,0.0,0.0,0.0,0.0,0.0,0.0,0.0
0.0,0.0,0.0,0.0,0.0,0.0,0.0,0.0
0.0,0.0,0.0,0.0,0.0,0.0,0.0,0.0
0.0,0.0,0.0,0.0,0.0,0.0,0.0,0.0
0.0,0.0,0.0,0.0,0.0,0.0,0.0,0.0
0.0,0.0,0.0,0.0,0.0,0.0,0.0,0.0
0.0,0.0,0.0,0.0,0.0,0.0,0.0,0.0
0.0,0.0,0.0,0.0,0.0,0.0,0.0,0.0
0.0,0.0,0.0,0.0,0.0,0.0,0.0,0.0
0.0,0.0,0.0,0.0,0.0,0.0,0.0,0.0
0.0,0.0,0.0,0.0,0.0,0.0,0.0,0.0
0.0,0.0,0.0,0.0,0.0,0.0,0.0,0.0
0.0,0.0,0.0,0.0,0.0,0.0,0.0,0.0
0.0,0.0,0.0,0.0,0.0,0.0,0.0,0.0
0.0,0.0,0.0,0.0,0.0,0.0,0.0,0.0
0.0,0.0,0.0,0.0,0.0,0.0,0.0,0.0
0.0,0.0,0.0,0.0,0.0,0.0,0.0,0.0
0.0,0.0,0.0,0.0,0.0,0.0,0.0,0.0
0.0,0.0,0.0,0.0,0.0,9.1,0.0,0.0
0.0,0.0,0.0,0.0,0.0,0.0,0.0,0.0
0.0,0.0,0.0,0.0,0.0,0.0,0.0,0.0
0.0,0.0,0.0,0.0,0.0,0.0,0.0,0.0
0.0,0.0,0.0,0.0,0.0,0.0,0.0,0.0
0.0,0.0,0.0,0.0,0.0,0.0,0.0,0.0
0.0,0.0,0.0,0.0,0.0,0.0,0.0,0.0
0.0,0.0,0.0,0.0,0.0,0.0,0.0,0.0
0.0,0.0,0.0,0.0,0.0,0.0,0.0,0.0
0.0,0.0,0.0,0.0,0.0,0.0,0.0,0.0
0.0,0.0,0.0,0.0,0.0,0.0,0.0,0.0
0.0,0.0,0.0,0.0,0.0,0.0,0.0,0.0
0.0,0.0,0.0,0.0,0.0,0.0,0.0,0.0
0.0,0.0,0.0,0.0,0.0,0.0,0.0,0.0
0.0,0.0,0.0,0.0,0.0,0.0,0.0,0.0
0.0,0.0,0.0,0.0,0.0,0.0,0.0,0.0
0.0,0.0,0.0,0.0,0.0,0.0,0.0,0.0
0.0,0.0,0.0,0.0,0.0,0.0,0.0,0.0
0.0,0.0,0.0,0.0,0.0,0.0,0.0,0.0
0.0,0.0,0.0,0.0,0.0,0.0,0.0,0.0
0.0,0.0,0.0,0.0,0.0,0.0,0.0,0.0
0.0,0.0,0.0,0.0,0.0,0.0,0.0,0.0
0.0,0.0,0.0,0.0,0.0,0.0,0.0,0.0
0.0,0.0,0.0,0.0,0.0,0.0,0.0,0.0
0.0,0.0,0.0,0.0,0.0,0.0,0.0,0.0
0.0,0.0,0.0,0.0,0.0,0.0,0.0,0.0
0.0,0.0,0.0,0.0,0.0,0.0,0.0,0.0
0.0,0.0,0.0,0.0,0.0,0.0,0.0,0.0
0.0,0.0,0.0,0.0,0.0,0.0,0.0,0.0
0.0,0.0,0.0,0.0,0.0,0.0,0.0,0.0
0.0,0.0,0.0,0.0,0.0,0.0,0.0,0.0
0.0,0.0,0.0,0.0,0.0,0.0,0.0,0.0
0.0,0.0,0.0,0.0,0.0,0.0,0.0,0.0
0.0,0.0,0.0,0.0,0.0,0.0,0.0,0.0
0.0,0.0,0.0,0.0,0.0,0.0,0.0,0.0
0.0,0.0,0.0,0.0,0.0,0.0,0.0,0.0
0.0,0.0,0.0,0.0,0.0,0.0,0.0,0.0
0.0,0.0,0.0,0.0,0.0,0.0,0.0,0.0
0.0,0.0,0.0,0.0,0.0,0.0,0.0,0.0
0.0,0.0,0.0,0.0,0.0,0.0,0.0,0.0
9.1,0.0,0.0,0.0,0.0,0.0,0.0,0.0
0.0,0.0,0.0,0.0,0.0,0.0,0.0,0.0
0.0,0.0,0.0,0.0,0.0,0.0,0.0,0.0
0.0,0.0,0.0,0.0,0.0,0.0,0.0,0.0
0.0,0.0,0.0,0.0,0.0,0.0,0.0,0.0
0.0,0.0,0.0,0.0,0.0,0.0,0.0,0.0
0.0,0.0,0.0,0.0,0.0,0.0,0.0,0.0
0.0,0.0,0.0,0.0,0.0,0.0,0.0,0.0
0.0,0.0,0.0,0.0,0.0,0.0,0.0,0.0
0.0,0.0,0.0,0.0,0.0,0.0,0.0,0.0
0.0,0.0,0.0,0.0,0.0,0.0,0.0,0.0
0.0,0.0,0.0,0.0,0.0,0.0,0.0,0.0
0.0,0.0,0.0,0.0,0.0,0.0,0.0,0.0
0.0,0.0,0.0,0.0,0.0,0.0,0.0,0.0
0.0,0.0,0.0,0.0,0.0,0.0,0.0,0.0
0.0,0.0,0.0,0.0,0.0,0.0,0.0,0.0
0.0,0.0,0.0,0.0,0.0,0.0,0.0,0.0
0.0,0.0,0.0,0.0,0.0,0.0,0.0,0.0
0.0,0.0,0.0,0.0,0.0,0.0,0.0,0.0
0.0,0.0,0.0,0.0,0.0,0.0,0.0,0.0
0.0,0.0,0.0,0.0,0.0,0.0,0.0,0.0
0.0,0.0,0.0,0.0,0.0,0.0,0.0,0.0
0.0,0.0,0.0,0.0,0.0,0.0,0.0,0.0
0.0,0.0,0.0,0.0,0.0,0.0,0.0,0.0
0.0,0.0,0.0,0.0,0.0,0.0,0.0,0.0
0.0,0.0,0.0,0.0,0.0,0.0,0.0,0.0
0.0,0.0,0.0,0.0,0.0,0.0,0.0,0.0
0.0,0.0,0.0,0.0,0.0,0.0,0.0,0.0
0.0,0.0,0.0,0.0,0.0,0.0,0.0,0.0
0.0,0.0,0.0,0.0,0.0,0.0,0.0,0.0
0.0,0.0,0.0,0.0,0.0,0.0,0.0,0.0
0.0,0.0,0.0,0.0,0.0,0.0,0.0,0.0
0.0,0.0,0.0,0.0,0.0,0.0,0.0,0.0
0.0,0.0,0.0,0.0,0.0,0.0,0.0,0.0
0.0,0.0,0.0,0.0,0.0,0.0,0.0,0.0
0.0,0.0,0.0,0.0,0.0,0.0,0.0,0.0
0.0,0.0,0.0,0.0,0.0,0.0,0.0,0.0
0.0,0.0,0.0,0.0,0.0,0.0,0.0,0.0
0.0,0.0,0.0,0.0,0.0,0.0,0.0,0.0
0.0,0.0,0.0,0.0,0.0,0.0,0.0,0.0
0.0,0.0,0.0,0.0,0.0,0.0,0.0,0.0
0.0,0.0,0.0,0.0,0.0,0.0,0.0,0.0
0.0,0.0,0.0,0.0,0.0,0.0,0.0,0.0
0.0,0.0,0.0,0.0,0.0,0.0,0.0,0.0
0.0,0.0,0.0,0.0,0.0,0.0,0.0,0.0
0.0,0.0,0.0,0.0,0.0,0.0,0.0,0.0
0.0,0.0,0.0,0.0,0.0,0.0,0.0,0.0
0.0,0.0,0.0,0.0,0.0,0.0,0.0,0.0
0.0,0.0,0.0,0.0,0.0,0.0,0.0,0.0
0.0,0.0,0.0,0.0,0.0,0.0,0.0,0.0
0.0,0.0,0.0,0.0,0.0,0.0,0.0,0.0
0.0,0.0,0.0,0.0,0.0,0.0,0.0,0.0
0.0,0.0,0.0,0.0,0.0,0.0,0.0,0.0
0.0,0.0,0.0,0.0,0.0,0.0,0.0,0.0
0.0,0.0,0.0,0.0,0.0,0.0,0.0,0.0
0.0,0.0,0.0,0.0,0.0,0.0,0.0,0.0
0.0,0.0,0.0,0.0,0.0,0.0,0.0,0.0
0.0,0.0,0.0,0.0,0.0,0.0,0.0,0.0
0.0,0.0,0.0,0.0,0.0,0.0,0.0,0.0
0.0,0.0,0.0,0.0,0.0,0.0,0.0,0.0
0.0,0.0,0.0,0.0,0.0,0.0,0.0,0.0
0.0,0.0,0.0,0.0,0.0,0.0,0.0,0.0
0.0,0.0,0.0,0.0,0.0,0.0,0.0,0.0
0.0,0.0,0.0,0.0,0.0,9.1,0.0,0.0
0.0,0.0,0.0,0.0,0.0,0.0,0.0,0.0
0.0,0.0,0.0,0.0,0.0,0.0,0.0,0.0
0.0,0.0,0.0,0.0,0.0,0.0,0.0,0.0
0.0,0.0,0.0,0.0,0.0,0.0,0.0,0.0
0.0,0.0,0.0,0.0,0.0,0.0,0.0,0.0
0.0,0.0,0.0,0.0,0.0,0.0,0.0,0.0
0.0,0.0,0.0,0.0,0.0,0.0,0.0,0.0
0.0,0.0,0.0,0.0,0.0,0.0,0.0,0.0
0.0,0.0,0.0,0.0,0.0,0.0,0.0,0.0
0.0,0.0,0.0,0.0,0.0,0.0,0.0,0.0
0.0,0.0,0.0,0.0,0.0,0.0,0.0,0.0
0.0,0.0,0.0,0.0,0.0,0.0,0.0,0.0
0.0,0.0,0.0,0.0,0.0,0.0,0.0,0.0
0.0,0.0,0.0,0.0,0.0,0.0,0.0,0.0
0.0,0.0,0.0,0.0,0.0,0.0,0.0,0.0
0.0,0.0,0.0,0.0,0.0,0.0,0.0,0.0
0.0,0.0,0.0,0.0,0.0,0.0,0.0,0.0
0.0,0.0,0.0,0.0,0.0,0.0,0.0,0.0
0.0,0.0,0.0,0.0,0.0,0.0,0.0,0.0
0.0,0.0,0.0,0.0,0.0,0.0,0.0,0.0
0.0,0.0,0.0,0.0,0.0,0.0,0.0,0.0
0.0,0.0,0.0,0.0,0.0,0.0,0.0,0.0
0.0,0.0,0.0,0.0,0.0,0.0,0.0,0.0
0.0,0.0,0.0,0.0,0.0,0.0,0.0,0.0
0.0,0.0,0.0,0.0,0.0,0.0,0.0,0.0
0.0,0.0,0.0,0.0,0.0,0.0,0.0,0.0
0.0,0.0,0.0,0.0,0.0,0.0,0.0,0.0
0.0,0.0,0.0,0.0,0.0,0.0,0.0,0.0
0.0,0.0,0.0,0.0,0.0,0.0,0.0,0.0
0.0,0.0,0.0,0.0,0.0,0.0,0.0,0.0
0.0,0.0,0.0,0.0,0.0,0.0,0.0,0.0
0.0,0.0,0.0,0.0,0.0,0.0,0.0,0.0
0.0,0.0,0.0,0.0,0.0,0.0,0.0,0.0
0.0,0.0,0.0,0.0,0.0,0.0,0.0,0.0
0.0,0.0,0.0,0.0,0.0,0.0,0.0,0.0
0.0,0.0,0.0,0.0,0.0,0.0,0.0,0.0
0.0,0.0,0.0,0.0,0.0,0.0,0.0,0.0
0.0,0.0,0.0,0.0,0.0,0.0,0.0,0.0
0.0,0.0,0.0,0.0,0.0,0.0,0.0,0.0
0.0,0.0,0.0,0.0,0.0,0.0,0.0,0.0
0.0,0.0,0.0,0.0,0.0,0.0,0.0,0.0
0.0,0.0,0.0,0.0,0.0,0.0,0.0,0.0
0.0,0.0,0.0,0.0,0.0,0.0,0.0,0.0
0.0,0.0,0.0,0.0,0.0,0.0,0.0,0.0
0.0,0.0,0.0,0.0,0.0,0.0,0.0,0.0
0.0,0.0,0.0,0.0,0.0,0.0,0.0,0.0
0.0,0.0,0.0,0.0,0.0,0.0,0.0,0.0
0.0,0.0,0.0,0.0,0.0,0.0,0.0,0.0
0.0,0.0,0.0,0.0,0.0,0.0,0.0,0.0
0.0,0.0,0.0,0.0,0.0,0.0,0.0,0.0
0.0,0.0,0.0,0.0,0.0,0.0,0.0,0.0
0.0,0.0,0.0,0.0,0.0,0.0,0.0,0.0
0.0,0.0,0.0,0.0,0.0,0.0,0.0,0.0
0.0,0.0,0.0,0.0,0.0,0.0,0.0,0.0
0.0,0.0,0.0,0.0,0.0,0.0,0.0,0.0
0.0,0.0,0.0,0.0,0.0,0.0,0.0,0.0
0.0,0.0,0.0,0.0,0.0,0.0,0.0,0.0
0.0,0.0,0.0,0.0,0.0,9.1,0.0,0.0
0.0,0.0,0.0,0.0,0.0,0.0,0.0,0.0
0.0,0.0,0.0,0.0,0.0,0.0,0.0,0.0
0.0,0.0,0.0,0.0,0.0,0.0,0.0,0.0
0.0,0.0,0.0,0.0,0.0,0.0,0.0,0.0
0.0,0.0,0.0,0.0,0.0,0.0,0.0,0.0
0.0,0.0,0.0,0.0,0.0,0.0,0.0,0.0
0.0,0.0,0.0,0.0,0.0,0.0,0.0,0.0
0.0,0.0,0.0,0.0,0.0,0.0,0.0,0.0
0.0,0.0,0.0,0.0,0.0,0.0,0.0,0.0
0.0,0.0,0.0,0.0,0.0,0.0,0.0,0.0
0.0,0.0,0.0,0.0,0.0,0.0,0.0,0.0
0.0,0.0,0.0,0.0,0.0,0.0,0.0,0.0
0.0,0.0,0.0,0.0,0.0,0.0,0.0,0.0
0.0,0.0,0.0,0.0,0.0,0.0,0.0,0.0
0.0,0.0,0.0,0.0,0.0,0.0,0.0,0.0
0.0,0.0,0.0,0.0,0.0,0.0,0.0,0.0
0.0,0.0,0.0,0.0,0.0,0.0,0.0,0.0
0.0,0.0,0.0,0.0,0.0,0.0,0.0,0.0
0.0,0.0,0.0,0.0,0.0,0.0,0.0,0.0
0.0,0.0,0.0,0.0,0.0,0.0,0.0,0.0
0.0,0.0,0.0,0.0,0.0,0.0,0.0,0.0
0.0,0.0,0.0,0.0,0.0,0.0,0.0,0.0
0.0,0.0,0.0,0.0,0.0,0.0,0.0,0.0
0.0,0.0,0.0,0.0,0.0,0.0,0.0,0.0
0.0,0.0,0.0,0.0,0.0,0.0,0.0,0.0
0.0,0.0,0.0,0.0,0.0,0.0,0.0,0.0
0.0,0.0,0.0,0.0,0.0,0.0,0.0,0.0
0.0,0.0,0.0,0.0,0.0,0.0,0.0,0.0
0.0,0.0,0.0,0.0,0.0,0.0,0.0,0.0
0.0,0.0,0.0,0.0,0.0,0.0,0.0,0.0
0.0,0.0,0.0,0.0,0.0,0.0,0.0,0.0
0.0,0.0,0.0,0.0,0.0,0.0,0.0,0.0
0.0,0.0,0.0,0.0,0.0,0.0,0.0,0.0
0.0,0.0,0.0,0.0,0.0,0.0,0.0,0.0
0.0,0.0,0.0,0.0,0.0,0.0,0.0,0.0
0.0,0.0,0.0,0.0,0.0,0.0,0.0,0.0
0.0,0.0,0.0,0.0,0.0,0.0,0.0,0.0
0.0,0.0,0.0,0.0,0.0,0.0,0.0,0.0
0.0,0.0,0.0,0.0,0.0,0.0,0.0,0.0
0.0,0.0,0.0,0.0,0.0,0.0,0.0,0.0
0.0,0.0,0.0,0.0,0.0,0.0,0.0,0.0
0.0,0.0,0.0,0.0,0.0,0.0,0.0,0.0
0.0,0.0,0.0,0.0,0.0,0.0,0.0,0.0
0.0,0.0,0.0,0.0,0.0,0.0,0.0,0.0
0.0,0.0,0.0,0.0,0.0,0.0,0.0,0.0
0.0,0.0,0.0,0.0,0.0,0.0,0.0,0.0
0.0,0.0,0.0,0.0,0.0,0.0,0.0,0.0
0.0,0.0,0.0,0.0,0.0,0.0,0.0,0.0
0.0,0.0,0.0,0.0,0.0,0.0,0.0,0.0
0.0,0.0,0.0,0.0,0.0,0.0,0.0,0.0
0.0,0.0,0.0,0.0,0.0,0.0,0.0,0.0
0.0,0.0,0.0,0.0,0.0,0.0,0.0,0.0
0.0,0.0,0.0,0.0,0.0,0.0,0.0,0.0
0.0,0.0,0.0,0.0,0.0,0.0,0.0,0.0
0.0,0.0,0.0,0.0,0.0,0.0,0.0,0.0
0.0,0.0,0.0,0.0,0.0,0.0,0.0,0.0
0.0,0.0,0.0,0.0,0.0,0.0,0.0,0.0
0.0,0.0,0.0,0.0,0.0,0.0,0.0,0.0
0.0,0.0,0.0,0.0,0.0,0.0,0.0,0.0
0.0,0.0,0.0,0.0,0.0,0.0,0.0,0.0
0.0,0.0,0.0,0.0,0.0,0.0,0.0,0.0
0.0,0.0,0.0,0.0,0.0,0.0,0.0,0.0
0.0,0.0,0.0,0.0,0.0,0.0,0.0,0.0
0.0,0.0,0.0,0.0,0.0,0.0,0.0,0.0
0.0,0.0,0.0,0.0,0.0,0.0,0.0,0.0
0.0,0.0,0.0,0.0,0.0,0.0,0.0,0.0
0.0,0.0,0.0,0.0,0.0,0.0,0.0,0.0
0.0,0.0,0.0,0.0,0.0,0.0,0.0,0.0
0.0,0.0,0.0,0.0,0.0,0.0,0.0,0.0
0.0,0.0,0.0,0.0,0.0,0.0,0.0,0.0
0.0,0.0,0.0,0.0,0.0,0.0,0.0,0.0
0.0,0.0,0.0,0.0,0.0,0.0,0.0,0.0
0.0,0.0,0.0,0.0,0.0,0.0,0.0,0.0
0.0,0.0,0.0,0.0,0.0,0.0,0.0,0.0
0.0,0.0,0.0,0.0,0.0,0.0,0.0,0.0
0.0,0.0,0.0,0.0,0.0,0.0,0.0,0.0
0.0,0.0,0.0,0.0,0.0,0.0,0.0,0.0
0.0,0.0,0.0,0.0,0.0,0.0,0.0,0.0
0.0,0.0,0.0,0.0,0.0,0.0,0.0,0.0
0.0,0.0,0.0,0.0,0.0,0.0,0.0,0.0
0.0,0.0,0.0,0.0,0.0,0.0,0.0,0.0
0.0,0.0,0.0,0.0,0.0,0.0,0.0,0.0
0.0,0.0,0.0,0.0,0.0,0.0,0.0,0.0
0.0,0.0,0.0,0.0,0.0,0.0,0.0,0.0
0.0,0.0,0.0,0.0,0.0,0.0,0.0,0.0
0.0,0.0,0.0,0.0,0.0,0.0,0.0,0.0
0.0,0.0,0.0,0.0,0.0,0.0,0.0,0.0
0.0,0.0,0.0,0.0,0.0,0.0,0.0,0.0
0.0,0.0,0.0,0.0,0.0,0.0,0.0,0.0
0.0,0.0,0.0,0.0,0.0,0.0,0.0,0.0
0.0,0.0,0.0,0.0,0.0,0.0,0.0,0.0
0.0,0.0,0.0,0.0,0.0,0.0,0.0,0.0
0.0,0.0,0.0,0.0,0.0,0.0,0.0,0.0
0.0,0.0,0.0,0.0,0.0,0.0,0.0,0.0
0.0,0.0,0.0,0.0,0.0,0.0,0.0,0.0
0.0,0.0,0.0,0.0,0.0,0.0,0.0,0.0
0.0,0.0,0.0,0.0,0.0,0.0,0.0,0.0
0.0,0.0,0.0,0.0,0.0,0.0,0.0,0.0
0.0,0.0,0.0,0.0,0.0,0.0,0.0,0.0
0.0,0.0,0.0,0.0,0.0,0.0,0.0,0.0
0.0,0.0,0.0,0.0,0.0,0.0,0.0,0.0
0.0,0.0,0.0,0.0,0.0,0.0,0.0,0.0
0.0,0.0,0.0,0.0,0.0,0.0,0.0,0.0
0.0,0.0,0.0,0.0,0.0,0.0,0.0,0.0
0.0,0.0,0.0,0.0,0.0,0.0,0.0,0.0
0.0,0.0,0.0,0.0,0.0,0.0,0.0,0.0
0.0,0.0,0.0,0.0,0.0,0.0,0.0,0.0
0.0,0.0,0.0,0.0,0.0,0.0,0.0,0.0
0.0,0.0,0.0,0.0,0.0,0.0,0.0,0.0
0.0,0.0,0.0,0.0,0.0,0.0,0.0,0.0
0.0,0.0,0.0,0.0,0.0,0.0,0.0,0.0
0.0,0.0,0.0,0.0,0.0,0.0,0.0,0.0
0.0,0.0,0.0,0.0,0.0,0.0,0.0,0.0
0.0,0.0,0.0,0.0,0.0,0.0,0.0,0.0
0.0,0.0,0.0,0.0,0.0,0.0,0.0,0.0
0.0,0.0,0.0,0.0,0.0,0.0,0.0,0.0
0.0,0.0,0.0,0.0,0.0,0.0,0.0,0.0
0.0,0.0,0.0,0.0,0.0,0.0,0.0,0.0
0.0,0.0,0.0,0.0,0.0,0.0,0.0,0.0
0.0,0.0,0.0,0.0,0.0,0.0,0.0,0.0
0.0,0.0,0.0,0.0,0.0,0.0,0.0,0.0
0.0,0.0,0.0,0.0,0.0,0.0,0.0,0.0
0.0,0.0,0.0,0.0,0.0,0.0,0.0,0.0
0.0,0.0,0.0,0.0,0.0,0.0,0.0,0.0
0.0,0.0,0.0,0.0,0.0,0.0,0.0,0.0
0.0,0.0,0.0,0.0,0.0,0.0,0.0,0.0
0.0,0.0,0.0,0.0,0.0,0.0,0.0,0.0
0.0,0.0,0.0,0.0,0.0,0.0,0.0,0.0
0.0,0.0,0.0,0.0,0.0,0.0,0.0,0.0
0.0,0.0,0.0,0.0,0.0,0.0,0.0,0.0
0.0,0.0,0.0,0.0,0.0,0.0,0.0,0.0
0.0,0.0,0.0,0.0,0.0,0.0,0.0,0.0
0.0,0.0,0.0,0.0,0.0,0.0,0.0,0.0
0.0,0.0,0.0,0.0,0.0,0.0,0.0,0.0
0.0,0.0,0.0,0.0,0.0,0.0,0.0,0.0
0.0,0.0,0.0,0.0,0.0,0.0,0.0,0.0
0.0,0.0,0.0,0.0,0.0,0.0,0.0,0.0
0.0,0.0,0.0,0.0,0.0,0.0,0.0,0.0
0.0,0.0,0.0,0.0,0.0,0.0,0.0,0.0
0.0,0.0,0.0,0.0,0.0,0.0,0.0,0.0
0.0,0.0,0.0,0.0,0.0,0.0,0.0,0.0
0.0,0.0,0.0,0.0,0.0,0.0,0.0,0.0
0.0,0.0,0.0,0.0,0.0,0.0,0.0,0.0
0.0,0.0,0.0,0.0,0.0,0.0,0.0,0.0
0.0,0.0,0.0,0.0,0.0,0.0,0.0,0.0
0.0,0.0,0.0,0.0,0.0,0.0,0.0,0.0
0.0,0.0,0.0,0.0,0.0,0.0,0.0,0.0
0.0,0.0,0.0,0.0,0.0,0.0,0.0,0.0
0.0,0.0,0.0,0.0,0.0,0.0,0.0,0.0
0.0,0.0,0.0,0.0,0.0,0.0,0.0,0.0
0.0,0.0,0.0,0.0,0.0,0.0,0.0,0.0
0.0,0.0,0.0,0.0,0.0,0.0,0.0,0.0
0.0,0.0,0.0,0.0,0.0,0.0,0.0,0.0
0.0,0.0,0.0,0.0,0.0,0.0,0.0,0.0
0.0,0.0,0.0,0.0,0.0,0.0,0.0,0.0
0.0,0.0,0.0,0.0,0.0,0.0,0.0,0.0
0.0,0.0,0.0,0.0,0.0,0.0,0.0,0.0
0.0,0.0,0.0,0.0,0.0,0.0,0.0,0.0
0.0,0.0,0.0,0.0,0.0,0.0,0.0,0.0
0.0,0.0,0.0,0.0,0.0,0.0,0.0,0.0
0.0,0.0,0.0,0.0,0.0,0.0,0.0,0.0
0.0,0.0,0.0,0.0,0.0,0.0,0.0,0.0
0.0,0.0,0.0,0.0,0.0,0.0,0.0,0.0
0.0,0.0,0.0,0.0,0.0,0.0,0.0,0.0
0.0,0.0,0.0,0.0,0.0,0.0,0.0,0.0
0.0,0.0,0.0,0.0,0.0,0.0,0.0,0.0
0.0,0.0,0.0,0.0,0.0,0.0,0.0,0.0
0.0,0.0,0.0,0.0,0.0,0.0,0.0,0.0
0.0,0.0,0.0,0.0,0.0,0.0,0.0,0.0
0.0,0.0,0.0,0.0,0.0,0.0,0.0,0.0
0.0,0.0,0.0,0.0,0.0,0.0,0.0,0.0
0.0,0.0,0.0,0.0,0.0,0.0,0.0,0.0
0.0,0.0,0.0,0.0,0.0,0.0,0.0,0.0
0.0,0.0,0.0,0.0,0.0,0.0,0.0,0.0
0.0,0.0,0.0,0.0,0.0,0.0,0.0,0.0
