10.0,10.0,0.0,0.0,22.2,0.0,9.1,54.5
18.2,18.2,10.0,9.1,9.1,27.3,20.0,11.1
0.0,0.0,0.0,11.1,27.3,0.0,36.4,45.5
0.0,0.0,60.0,60.0,20.0,23.1,55.6,55.6
0.0,0.0,90.0,90.0,0.0,0.0,100.0,100.0
0.0,0.0,100.0,100.0,0.0,0.0,100.0,100.0
0.0,0.0,100.0,100.0,0.0,16.7,100.0,100.0
0.0,0.0,100.0,100.0,0.0,0.0,100.0,90.9
0.0,0.0,100.0,100.0,9.1,0.0,90.0,100.0
0.0,0.0,100.0,100.0,0.0,0.0,100.0,100.0
0.0,0.0,90.0,100.0,0.0,9.1,100.0,90.9
0.0,0.0,100.0,100.0,0.0,0.0,90.9,100.0
0.0,0.0,100.0,100.0,0.0,0.0,100.0,100.0
0.0,0.0,100.0,100.0,0.0,0.0,100.0,100.0
0.0,0.0,90.9,90.0,0.0,0.0,100.0,100.0
0.0,9.1,100.0,100.0,0.0,0.0,90.0,90.9
0.0,0.0,90.0,100.0,0.0,0.0,100.0,100.0
0.0,0.0,100.0,100.0,0.0,0.0,100.0,100.0
0.0,9.1,100.0,90.9,9.1,0.0,90.9,81.8
0.0,0.0,90.9,100.0,0.0,0.0,100.0,100.0
0.0,100.0,0.0,100.0,0.0,0.0,100.0,90.9
0.0,100.0,0.0,100.0,0.0,0.0,100.0,100.0
0.0,100.0,0.0,100.0,0.0,0.0,100.0,100.0
0.0,100.0,0.0,100.0,0.0,9.1,100.0,100.0
0.0,100.0,0.0,100.0,0.0,0.0,100.0,100.0
0.0,100.0,0.0,100.0,0.0,0.0,100.0,100.0
0.0,100.0,0.0,100.0,0.0,0.0,100.0,100.0
0.0,100.0,0.0,100.0,0.0,0.0,100.0,100.0
0.0,100.0,0.0,100.0,0.0,0.0,100.0,100.0
0.0,100.0,0.0,100.0,0.0,0.0,100.0,100.0
0.0,100.0,0.0,100.0,0.0,0.0,100.0,100.0
0.0,100.0,0.0,100.0,0.0,0.0,100.0,100.0
0.0,100.0,0.0,100.0,0.0,0.0,100.0,100.0
0.0,100.0,0.0,100.0,0.0,0.0,100.0,100.0
18.2,100.0,0.0,81.8,11.1,0.0,81.8,100.0
100.0,100.0,0.0,0.0,100.0,0.0,0.0,100.0
100.0,100.0,0.0,0.0,100.0,0.0,0.0,100.0
100.0,100.0,0.0,0.0,100.0,0.0,0.0,100.0
100.0,100.0,0.0,0.0,100.0,0.0,0.0,100.0
100.0,100.0,0.0,0.0,100.0,0.0,0.0,100.0
100.0,100.0,0.0,0.0,100.0,0.0,0.0,100.0
100.0,100.0,0.0,0.0,100.0,0.0,0.0,100.0
100.0,100.0,0.0,0.0,100.0,0.0,0.0,100.0
100.0,100.0,0.0,0.0,100.0,0.0,0.0,100.0
100.0,100.0,0.0,0.0,100.0,0.0,0.0,100.0
100.0,100.0,0.0,0.0,100.0,0.0,0.0,100.0
100.0,100.0,0.0,0.0,100.0,0.0,0.0,100.0
100.0,100.0,0.0,0.0,100.0,0.0,0.0,100.0
100.0,100.0,0.0,0.0,100.0,0.0,0.0,100.0
100.0,100.0,0.0,0.0,100.0,0.0,0.0,100.0
100.0,100.0,0.0,0.0,100.0,0.0,0.0,100.0
100.0,100.0,0.0,0.0,100.0,0.0,0.0,100.0
100.0,100.0,0.0,10.0,100.0,0.0,0.0,100.0
100.0,100.0,0.0,0.0,100.0,0.0,0.0,100.0
100.0,100.0,16.7,0.0,100.0,0.0,0.0,100.0
100.0,100.0,0.0,0.0,100.0,0.0,0.0,100.0
100.0,100.0,0.0,0.0,100.0,0.0,0.0,100.0
100.0,100.0,0.0,0.0,100.0,0.0,0.0,100.0
100.0,100.0,0.0,0.0,100.0,0.0,0.0,100.0
100.0,100.0,9.1,0.0,100.0,0.0,0.0,100.0
100.0,100.0,0.0,0.0,100.0,0.0,0.0,100.0
100.0,100.0,0.0,0.0,100.0,0.0,0.0,100.0
100.0,100.0,0.0,0.0,100.0,0.0,0.0,100.0
100.0,100.0,0.0,0.0,100.0,0.0,0.0,100.0
100.0,100.0,0.0,0.0,100.0,0.0,0.0,100.0
100.0,100.0,0.0,0.0,100.0,0.0,0.0,100.0
100.0,100.0,0.0,0.0,100.0,0.0,0.0,100.0
100.0,100.0,0.0,0.0,100.0,0.0,0.0,100.0
100.0,100.0,0.0,0.0,100.0,0.0,0.0,100.0
100.0,100.0,0.0,0.0,100.0,0.0,0.0,100.0
100.0,100.0,0.0,0.0,100.0,0.0,0.0,100.0
100.0,100.0,0.0,0.0,100.0,0.0,0.0,100.0
100.0,100.0,0.0,0.0,100.0,0.0,0.0,100.0
100.0,100.0,0.0,0.0,100.0,0.0,0.0,100.0
100.0,100.0,0.0,0.0,100.0,0.0,0.0,100.0
100.0,100.0,0.0,0.0,100.0,0.0,0.0,100.0
100.0,100.0,0.0,0.0,100.0,0.0,0.0,100.0
100.0,100.0,0.0,0.0,100.0,0.0,0.0,100.0
100.0,100.0,0.0,0.0,100.0,0.0,0.0,100.0
100.0,100.0,0.0,0.0,100.0,0.0,0.0,100.0
100.0,100.0,0.0,0.0,100.0,0.0,0.0,100.0
100.0,100.0,0.0,0.0,100.0,0.0,0.0,100.0
100.0,100.0,0.0,0.0,100.0,0.0,0.0,100.0
100.0,100.0,9.1,0.0,100.0,0.0,0.0,100.0
100.0,100.0,0.0,0.0,100.0,0.0,0.0,100.0
100.0,100.0,0.0,0.0,100.0,0.0,0.0,100.0
100.0,100.0,0.0,0.0,100.0,0.0,0.0,100.0
100.0,100.0,0.0,0.0,100.0,0.0,0.0,100.0
100.0,100.0,0.0,0.0,100.0,0.0,0.0,100.0
100.0,100.0,0.0,0.0,100.0,0.0,0.0,100.0
100.0,100.0,9.1,0.0,100.0,0.0,0.0,100.0
100.0,100.0,0.0,0.0,100.0,0.0,0.0,100.0
100.0,100.0,0.0,0.0,100.0,0.0,0.0,100.0
100.0,100.0,0.0,0.0,100.0,0.0,0.0,100.0
100.0,100.0,0.0,0.0,100.0,0.0,0.0,100.0
100.0,100.0,0.0,0.0,100.0,0.0,0.0,100.0
100.0,100.0,0.0,0.0,100.0,0.0,0.0,100.0
100.0,100.0,0.0,0.0,100.0,0.0,0.0,100.0
88.9,90.0,0.0,0.0,90.9,0.0,0.0,90.0
100.0,100.0,0.0,0.0,100.0,0.0,0.0,100.0
100.0,100.0,0.0,0.0,91.7,0.0,0.0,100.0
100.0,90.0,0.0,0.0,100.0,0.0,0.0,100.0
100.0,100.0,0.0,0.0,100.0,0.0,0.0,100.0
100.0,100.0,0.0,0.0,100.0,0.0,0.0,100.0
100.0,100.0,0.0,0.0,100.0,0.0,0.0,100.0
100.0,100.0,0.0,0.0,100.0,0.0,0.0,100.0
100.0,100.0,0.0,0.0,100.0,0.0,0.0,100.0
100.0,100.0,0.0,0.0,100.0,0.0,0.0,100.0
100.0,100.0,0.0,0.0,100.0,0.0,0.0,100.0
100.0,100.0,0.0,0.0,100.0,0.0,0.0,100.0
100.0,100.0,0.0,0.0,100.0,0.0,0.0,100.0
100.0,100.0,0.0,0.0,100.0,0.0,0.0,100.0
100.0,100.0,0.0,0.0,100.0,0.0,0.0,100.0
100.0,100.0,0.0,0.0,100.0,0.0,0.0,100.0
100.0,100.0,0.0,0.0,100.0,0.0,0.0,100.0
100.0,100.0,0.0,0.0,100.0,0.0,0.0,100.0
100.0,100.0,0.0,0.0,100.0,0.0,0.0,100.0
100.0,100.0,0.0,0.0,100.0,0.0,0.0,100.0
100.0,100.0,0.0,0.0,100.0,0.0,0.0,100.0
100.0,100.0,0.0,0.0,100.0,0.0,0.0,100.0
100.0,100.0,0.0,0.0,100.0,0.0,0.0,100.0
100.0,100.0,0.0,0.0,100.0,0.0,0.0,100.0
100.0,100.0,0.0,0.0,100.0,0.0,0.0,100.0
100.0,100.0,0.0,0.0,100.0,0.0,0.0,100.0
100.0,100.0,0.0,0.0,100.0,0.0,0.0,100.0
100.0,100.0,0.0,0.0,100.0,0.0,0.0,100.0
100.0,100.0,0.0,0.0,100.0,0.0,0.0,100.0
100.0,100.0,0.0,0.0,100.0,0.0,0.0,100.0
100.0,100.0,0.0,0.0,100.0,0.0,0.0,100.0
100.0,100.0,0.0,0.0,100.0,0.0,0.0,100.0
100.0,100.0,0.0,0.0,100.0,0.0,0.0,100.0
100.0,100.0,0.0,0.0,100.0,0.0,0.0,100.0
100.0,100.0,0.0,0.0,100.0,0.0,0.0,100.0
100.0,100.0,0.0,0.0,100.0,0.0,0.0,100.0
100.0,100.0,0.0,0.0,100.0,0.0,0.0,100.0
100.0,100.0,0.0,0.0,100.0,0.0,0.0,100.0
100.0,100.0,0.0,0.0,100.0,0.0,0.0,100.0
100.0,100.0,0.0,0.0,100.0,0.0,0.0,100.0
100.0,100.0,0.0,0.0,100.0,0.0,0.0,100.0
100.0,100.0,0.0,0.0,100.0,0.0,0.0,100.0
100.0,100.0,0.0,0.0,100.0,0.0,0.0,100.0
100.0,100.0,0.0,0.0,100.0,0.0,0.0,100.0
70.0,77.8,0.0,0.0,88.9,0.0,9.1,80.0
10.0,10.0,11.1,0.0,0.0,0.0,0.0,9.1
10.0,20.0,0.0,18.2,0.0,0.0,9.1,0.0
10.0,11.1,9.1,22.2,10.0,0.0,10.0,0.0
10.0,100.0,90.0,100.0,0.0,0.0,100.0,0.0
0.0,100.0,100.0,100.0,0.0,0.0,100.0,0.0
0.0,100.0,100.0,100.0,0.0,0.0,100.0,0.0
0.0,100.0,100.0,100.0,0.0,0.0,100.0,0.0
0.0,100.0,100.0,100.0,0.0,0.0,100.0,0.0
0.0,100.0,100.0,100.0,0.0,0.0,100.0,0.0
0.0,100.0,100.0,100.0,0.0,0.0,100.0,0.0
0.0,100.0,100.0,100.0,0.0,0.0,100.0,0.0
0.0,100.0,100.0,100.0,0.0,0.0,100.0,0.0
0.0,100.0,100.0,100.0,0.0,0.0,100.0,0.0
0.0,100.0,100.0,100.0,0.0,0.0,100.0,0.0
0.0,100.0,100.0,100.0,0.0,0.0,100.0,0.0
0.0,100.0,100.0,100.0,0.0,0.0,100.0,0.0
0.0,100.0,100.0,100.0,0.0,0.0,100.0,0.0
0.0,100.0,100.0,100.0,0.0,0.0,100.0,0.0
0.0,100.0,100.0,100.0,0.0,0.0,100.0,0.0
0.0,100.0,100.0,100.0,0.0,0.0,100.0,0.0
0.0,100.0,100.0,100.0,0.0,0.0,100.0,0.0
0.0,100.0,100.0,100.0,0.0,0.0,100.0,0.0
0.0,100.0,100.0,100.0,0.0,0.0,100.0,0.0
0.0,100.0,100.0,100.0,0.0,0.0,100.0,0.0
0.0,100.0,100.0,100.0,0.0,0.0,100.0,0.0
0.0,100.0,0.0,100.0,100.0,0.0,100.0,0.0
0.0,100.0,0.0,100.0,100.0,0.0,100.0,0.0
0.0,100.0,0.0,100.0,100.0,0.0,100.0,0.0
0.0,100.0,0.0,100.0,100.0,0.0,100.0,0.0
0.0,100.0,0.0,100.0,100.0,0.0,100.0,0.0
0.0,100.0,0.0,100.0,100.0,0.0,100.0,0.0
0.0,100.0,0.0,100.0,100.0,0.0,100.0,0.0
0.0,100.0,0.0,100.0,100.0,0.0,100.0,0.0
0.0,100.0,0.0,100.0,100.0,0.0,100.0,0.0
0.0,100.0,0.0,100.0,100.0,0.0,100.0,0.0
0.0,100.0,0.0,100.0,100.0,0.0,100.0,0.0
0.0,100.0,0.0,100.0,100.0,0.0,100.0,0.0
0.0,100.0,0.0,100.0,100.0,0.0,100.0,0.0
0.0,100.0,0.0,100.0,100.0,0.0,100.0,0.0
0.0,100.0,0.0,100.0,100.0,0.0,100.0,0.0
0.0,100.0,0.0,100.0,100.0,0.0,100.0,0.0
0.0,100.0,0.0,100.0,100.0,0.0,100.0,0.0
0.0,72.7,0.0,77.8,80.0,0.0,75.0,0.0
0.0,11.1,0.0,20.0,20.0,0.0,0.0,10.0
0.0,54.5,22.2,36.4,20.0,0.0,44.4,10.0
0.0,100.0,100.0,100.0,0.0,0.0,100.0,0.0
0.0,100.0,100.0,100.0,0.0,0.0,100.0,0.0
0.0,100.0,100.0,100.0,0.0,0.0,100.0,0.0
0.0,100.0,100.0,100.0,0.0,0.0,100.0,0.0
0.0,88.9,72.7,81.8,0.0,0.0,81.8,0.0
0.0,100.0,0.0,100.0,0.0,100.0,100.0,0.0
10.0,54.5,10.0,66.7,30.0,70.0,54.5,33.3
0.0,100.0,0.0,0.0,100.0,100.0,100.0,0.0
0.0,100.0,0.0,0.0,100.0,100.0,100.0,0.0
0.0,100.0,0.0,0.0,100.0,100.0,100.0,0.0
0.0,100.0,0.0,0.0,100.0,100.0,100.0,0.0
0.0,88.9,0.0,0.0,81.8,90.0,90.9,0.0
0.0,100.0,0.0,0.0,100.0,100.0,100.0,0.0
0.0,100.0,0.0,0.0,100.0,100.0,100.0,0.0
0.0,100.0,0.0,0.0,100.0,100.0,100.0,0.0
0.0,100.0,0.0,11.1,100.0,100.0,100.0,0.0
0.0,100.0,0.0,0.0,100.0,100.0,100.0,0.0
0.0,100.0,0.0,0.0,100.0,100.0,100.0,0.0
0.0,100.0,0.0,0.0,100.0,100.0,100.0,0.0
0.0,100.0,0.0,0.0,100.0,100.0,100.0,0.0
0.0,100.0,0.0,0.0,100.0,100.0,100.0,0.0
0.0,100.0,0.0,0.0,100.0,100.0,100.0,0.0
0.0,100.0,0.0,0.0,100.0,100.0,100.0,0.0
0.0,100.0,0.0,0.0,100.0,100.0,100.0,0.0
9.1,100.0,0.0,0.0,100.0,100.0,100.0,0.0
0.0,100.0,0.0,0.0,100.0,100.0,100.0,0.0
0.0,100.0,0.0,0.0,100.0,100.0,100.0,0.0
0.0,100.0,9.1,0.0,100.0,100.0,100.0,0.0
0.0,100.0,0.0,0.0,100.0,100.0,100.0,0.0
0.0,100.0,0.0,0.0,100.0,100.0,100.0,0.0
0.0,100.0,0.0,0.0,100.0,100.0,100.0,0.0
0.0,100.0,0.0,0.0,100.0,100.0,100.0,0.0
0.0,100.0,0.0,0.0,100.0,100.0,100.0,0.0
0.0,100.0,0.0,0.0,100.0,100.0,100.0,0.0
0.0,100.0,0.0,0.0,100.0,100.0,100.0,0.0
0.0,100.0,0.0,0.0,100.0,100.0,100.0,0.0
0.0,100.0,0.0,0.0,100.0,100.0,100.0,0.0
0.0,100.0,0.0,0.0,100.0,100.0,100.0,0.0
0.0,100.0,0.0,0.0,100.0,100.0,100.0,0.0
0.0,100.0,0.0,0.0,100.0,100.0,100.0,0.0
0.0,100.0,0.0,0.0,100.0,100.0,100.0,0.0
0.0,100.0,0.0,0.0,100.0,100.0,100.0,0.0
0.0,100.0,0.0,0.0,100.0,100.0,100.0,0.0
0.0,100.0,0.0,0.0,100.0,100.0,100.0,0.0
0.0,100.0,0.0,0.0,100.0,100.0,100.0,0.0
0.0,100.0,0.0,10.0,100.0,100.0,100.0,0.0
0.0,100.0,0.0,0.0,100.0,100.0,100.0,0.0
0.0,100.0,0.0,0.0,100.0,100.0,100.0,0.0
0.0,100.0,0.0,0.0,100.0,100.0,100.0,0.0
0.0,100.0,0.0,0.0,100.0,100.0,100.0,0.0
0.0,100.0,0.0,0.0,100.0,100.0,100.0,0.0
0.0,100.0,0.0,0.0,100.0,100.0,100.0,0.0
0.0,100.0,0.0,0.0,100.0,100.0,100.0,0.0
0.0,100.0,0.0,0.0,100.0,100.0,100.0,0.0
0.0,100.0,0.0,0.0,100.0,100.0,100.0,0.0
0.0,100.0,0.0,0.0,100.0,100.0,100.0,0.0
0.0,100.0,0.0,0.0,100.0,100.0,100.0,0.0
0.0,100.0,0.0,0.0,100.0,100.0,100.0,0.0
0.0,100.0,0.0,0.0,100.0,100.0,100.0,0.0
0.0,100.0,0.0,0.0,100.0,100.0,100.0,0.0
0.0,100.0,0.0,0.0,100.0,100.0,100.0,0.0
0.0,100.0,0.0,0.0,100.0,100.0,100.0,0.0
0.0,100.0,0.0,0.0,100.0,100.0,100.0,0.0
0.0,100.0,0.0,0.0,100.0,100.0,100.0,0.0
0.0,100.0,0.0,0.0,100.0,100.0,100.0,0.0
0.0,100.0,0.0,0.0,100.0,100.0,100.0,0.0
0.0,100.0,0.0,0.0,100.0,100.0,100.0,0.0
0.0,100.0,0.0,0.0,100.0,100.0,100.0,0.0
0.0,100.0,0.0,0.0,100.0,100.0,100.0,0.0
0.0,100.0,0.0,0.0,100.0,100.0,100.0,0.0
0.0,90.0,0.0,0.0,100.0,90.0,90.0,0.0
0.0,100.0,0.0,0.0,90.0,90.9,100.0,0.0
0.0,100.0,0.0,0.0,100.0,100.0,100.0,0.0
0.0,100.0,0.0,0.0,100.0,100.0,100.0,0.0
0.0,100.0,0.0,0.0,100.0,100.0,100.0,0.0
0.0,100.0,9.1,0.0,100.0,100.0,100.0,0.0
0.0,100.0,0.0,0.0,100.0,100.0,100.0,0.0
0.0,100.0,0.0,0.0,100.0,100.0,100.0,0.0
0.0,100.0,0.0,0.0,100.0,100.0,100.0,0.0
0.0,100.0,0.0,0.0,100.0,100.0,100.0,0.0
0.0,100.0,0.0,0.0,100.0,100.0,100.0,0.0
0.0,100.0,0.0,0.0,100.0,100.0,100.0,0.0
0.0,100.0,0.0,0.0,100.0,100.0,100.0,0.0
0.0,100.0,0.0,0.0,100.0,100.0,100.0,0.0
0.0,100.0,0.0,0.0,100.0,100.0,100.0,0.0
0.0,100.0,0.0,0.0,100.0,100.0,100.0,0.0
0.0,100.0,0.0,0.0,100.0,100.0,100.0,0.0
0.0,100.0,0.0,0.0,100.0,100.0,100.0,0.0
0.0,100.0,0.0,0.0,100.0,100.0,100.0,0.0
0.0,100.0,0.0,0.0,100.0,100.0,100.0,0.0
0.0,100.0,0.0,0.0,100.0,100.0,100.0,0.0
0.0,100.0,0.0,0.0,100.0,100.0,100.0,0.0
0.0,100.0,0.0,0.0,100.0,100.0,100.0,0.0
0.0,100.0,9.1,0.0,100.0,100.0,100.0,0.0
0.0,100.0,0.0,0.0,100.0,100.0,100.0,0.0
0.0,100.0,0.0,0.0,100.0,100.0,100.0,0.0
0.0,100.0,0.0,0.0,100.0,100.0,100.0,0.0
0.0,100.0,0.0,0.0,100.0,100.0,100.0,0.0
0.0,100.0,0.0,0.0,100.0,100.0,100.0,0.0
0.0,100.0,0.0,0.0,100.0,100.0,100.0,0.0
0.0,100.0,0.0,0.0,100.0,100.0,100.0,0.0
0.0,100.0,0.0,0.0,100.0,100.0,100.0,0.0
0.0,100.0,0.0,0.0,100.0,100.0,100.0,0.0
0.0,100.0,0.0,0.0,100.0,100.0,100.0,0.0
0.0,100.0,0.0,0.0,100.0,100.0,100.0,0.0
0.0,100.0,0.0,0.0,100.0,100.0,100.0,0.0
0.0,100.0,0.0,0.0,100.0,100.0,100.0,0.0
0.0,100.0,0.0,0.0,100.0,100.0,100.0,0.0
0.0,100.0,0.0,0.0,100.0,100.0,100.0,0.0
0.0,100.0,0.0,0.0,100.0,100.0,100.0,0.0
0.0,100.0,0.0,0.0,100.0,100.0,100.0,0.0
0.0,100.0,0.0,0.0,100.0,100.0,100.0,0.0
0.0,100.0,0.0,0.0,100.0,100.0,100.0,0.0
0.0,100.0,0.0,0.0,100.0,100.0,100.0,0.0
0.0,100.0,0.0,0.0,100.0,100.0,100.0,0.0
0.0,100.0,0.0,0.0,100.0,100.0,100.0,0.0
0.0,100.0,0.0,0.0,100.0,100.0,100.0,0.0
0.0,100.0,0.0,0.0,100.0,100.0,100.0,0.0
0.0,100.0,0.0,0.0,100.0,100.0,100.0,0.0
0.0,100.0,0.0,0.0,100.0,100.0,100.0,0.0
0.0,100.0,0.0,0.0,100.0,100.0,100.0,0.0
0.0,100.0,0.0,0.0,100.0,100.0,100.0,0.0
0.0,100.0,0.0,0.0,100.0,100.0,100.0,0.0
0.0,100.0,0.0,0.0,100.0,100.0,100.0,0.0
0.0,100.0,0.0,0.0,100.0,100.0,100.0,0.0
0.0,100.0,0.0,0.0,100.0,100.0,100.0,0.0
0.0,100.0,0.0,0.0,100.0,100.0,100.0,0.0
0.0,100.0,0.0,0.0,100.0,100.0,100.0,0.0
0.0,100.0,0.0,0.0,100.0,100.0,100.0,0.0
0.0,100.0,0.0,0.0,100.0,100.0,100.0,0.0
0.0,100.0,0.0,0.0,100.0,100.0,100.0,0.0
0.0,100.0,0.0,0.0,100.0,100.0,100.0,0.0
0.0,100.0,0.0,0.0,100.0,100.0,100.0,0.0
0.0,100.0,0.0,0.0,100.0,100.0,100.0,0.0
0.0,100.0,0.0,0.0,100.0,100.0,100.0,0.0
0.0,100.0,0.0,0.0,100.0,100.0,100.0,0.0
0.0,100.0,0.0,0.0,100.0,100.0,100.0,0.0
0.0,77.8,0.0,0.0,88.9,88.9,80.0,0.0
10.0,25.0,0.0,0.0,10.0,10.0,10.0,0.0
18.2,10.0,10.0,0.0,0.0,0.0,0.0,18.2
0.0,0.0,0.0,0.0,0.0,0.0,0.0,9.1
0.0,0.0,0.0,0.0,0.0,0.0,0.0,0.0
0.0,9.1,0.0,0.0,9.1,0.0,0.0,0.0
0.0,0.0,0.0,0.0,0.0,0.0,0.0,0.0
0.0,0.0,10.0,0.0,0.0,0.0,0.0,0.0
0.0,0.0,9.1,0.0,0.0,63.6,0.0,0.0
0.0,0.0,0.0,0.0,0.0,100.0,27.3,0.0
0.0,0.0,0.0,0.0,0.0,100.0,100.0,0.0
0.0,0.0,0.0,0.0,0.0,100.0,100.0,0.0
0.0,8.3,0.0,0.0,0.0,100.0,100.0,9.1
0.0,12.5,70.0,0.0,0.0,100.0,100.0,0.0
0.0,100.0,100.0,0.0,0.0,100.0,100.0,0.0
0.0,100.0,100.0,0.0,0.0,100.0,100.0,0.0
0.0,100.0,100.0,0.0,0.0,100.0,100.0,0.0
0.0,100.0,100.0,0.0,0.0,100.0,100.0,0.0
0.0,100.0,100.0,0.0,0.0,100.0,100.0,0.0
0.0,100.0,100.0,0.0,0.0,100.0,100.0,0.0
0.0,100.0,100.0,0.0,0.0,100.0,100.0,0.0
0.0,100.0,100.0,0.0,0.0,100.0,100.0,0.0
0.0,100.0,100.0,0.0,0.0,100.0,100.0,0.0
0.0,100.0,100.0,0.0,0.0,100.0,100.0,0.0
0.0,100.0,100.0,0.0,0.0,100.0,100.0,0.0
0.0,100.0,100.0,0.0,0.0,100.0,100.0,0.0
0.0,100.0,100.0,0.0,0.0,100.0,100.0,0.0
0.0,100.0,100.0,0.0,0.0,100.0,100.0,0.0
0.0,100.0,100.0,0.0,0.0,100.0,100.0,0.0
0.0,100.0,100.0,0.0,0.0,100.0,100.0,0.0
0.0,100.0,100.0,80.0,0.0,100.0,30.0,0.0
0.0,100.0,100.0,100.0,0.0,100.0,0.0,0.0
0.0,100.0,100.0,100.0,0.0,100.0,0.0,0.0
0.0,100.0,100.0,100.0,0.0,100.0,0.0,0.0
0.0,100.0,100.0,100.0,0.0,100.0,0.0,0.0
0.0,100.0,100.0,100.0,0.0,100.0,0.0,0.0
0.0,100.0,100.0,100.0,0.0,100.0,0.0,0.0
0.0,100.0,0.0,100.0,100.0,100.0,0.0,0.0
0.0,100.0,0.0,100.0,100.0,100.0,0.0,0.0
0.0,100.0,0.0,100.0,100.0,100.0,0.0,0.0
0.0,100.0,0.0,100.0,100.0,100.0,0.0,0.0
0.0,100.0,0.0,100.0,100.0,100.0,0.0,0.0
0.0,100.0,0.0,100.0,100.0,100.0,0.0,0.0
0.0,100.0,0.0,100.0,100.0,100.0,0.0,0.0
0.0,100.0,0.0,100.0,100.0,100.0,0.0,0.0
0.0,100.0,0.0,100.0,100.0,100.0,0.0,0.0
0.0,100.0,0.0,100.0,100.0,100.0,0.0,0.0
0.0,100.0,0.0,100.0,100.0,100.0,0.0,0.0
0.0,100.0,0.0,100.0,100.0,100.0,0.0,0.0
0.0,100.0,0.0,100.0,100.0,100.0,0.0,0.0
0.0,100.0,0.0,100.0,100.0,100.0,0.0,0.0
0.0,100.0,0.0,100.0,100.0,100.0,0.0,0.0
0.0,100.0,0.0,100.0,100.0,100.0,0.0,0.0
0.0,100.0,0.0,100.0,100.0,100.0,0.0,0.0
0.0,100.0,0.0,100.0,100.0,100.0,0.0,0.0
0.0,100.0,0.0,100.0,100.0,100.0,0.0,0.0
0.0,100.0,0.0,100.0,100.0,100.0,0.0,0.0
0.0,100.0,0.0,100.0,100.0,100.0,0.0,0.0
0.0,100.0,0.0,100.0,100.0,100.0,0.0,0.0
0.0,100.0,0.0,100.0,100.0,100.0,0.0,0.0
0.0,100.0,0.0,100.0,100.0,100.0,0.0,0.0
0.0,100.0,0.0,100.0,100.0,100.0,0.0,0.0
0.0,100.0,0.0,100.0,100.0,100.0,0.0,0.0
0.0,100.0,0.0,100.0,100.0,100.0,0.0,0.0
0.0,100.0,0.0,100.0,100.0,100.0,0.0,0.0
0.0,100.0,0.0,100.0,100.0,100.0,0.0,0.0
0.0,100.0,0.0,100.0,100.0,100.0,0.0,0.0
0.0,100.0,0.0,100.0,100.0,100.0,0.0,0.0
0.0,100.0,0.0,100.0,100.0,100.0,0.0,0.0
0.0,100.0,0.0,100.0,100.0,100.0,0.0,0.0
0.0,100.0,0.0,100.0,100.0,100.0,0.0,0.0
0.0,100.0,0.0,100.0,100.0,100.0,0.0,0.0
0.0,100.0,0.0,100.0,100.0,100.0,0.0,0.0
0.0,100.0,0.0,100.0,100.0,100.0,0.0,0.0
0.0,100.0,0.0,100.0,100.0,100.0,0.0,0.0
0.0,100.0,0.0,100.0,100.0,100.0,0.0,0.0
0.0,100.0,0.0,100.0,100.0,100.0,0.0,0.0
0.0,100.0,0.0,100.0,100.0,100.0,0.0,0.0
0.0,100.0,0.0,100.0,100.0,100.0,0.0,0.0
0.0,100.0,0.0,90.0,100.0,100.0,0.0,0.0
0.0,18.2,0.0,25.0,0.0,11.1,0.0,0.0
27.3,10.0,18.2,12.5,27.3,10.0,0.0,11.1
0.0,100.0,0.0,100.0,100.0,100.0,0.0,0.0
0.0,100.0,0.0,100.0,100.0,100.0,0.0,0.0
0.0,100.0,0.0,100.0,100.0,100.0,0.0,0.0
0.0,100.0,0.0,100.0,100.0,100.0,0.0,0.0
0.0,100.0,0.0,90.9,100.0,100.0,0.0,0.0
80.0,70.0,9.1,77.8,0.0,77.8,0.0,0.0
100.0,100.0,0.0,100.0,0.0,100.0,0.0,0.0
63.6,70.0,10.0,50.0,0.0,72.7,0.0,36.4
10.0,100.0,9.1,0.0,90.9,100.0,0.0,70.0
0.0,100.0,0.0,0.0,100.0,100.0,0.0,100.0
0.0,100.0,0.0,0.0,100.0,100.0,0.0,100.0
0.0,100.0,0.0,0.0,100.0,100.0,0.0,100.0
0.0,88.9,10.0,0.0,90.0,100.0,0.0,90.9
0.0,100.0,0.0,0.0,100.0,100.0,0.0,100.0
0.0,100.0,0.0,0.0,100.0,100.0,0.0,100.0
0.0,100.0,0.0,0.0,100.0,100.0,0.0,100.0
0.0,100.0,0.0,0.0,100.0,100.0,0.0,100.0
0.0,100.0,0.0,0.0,100.0,100.0,0.0,100.0
0.0,100.0,0.0,0.0,100.0,100.0,0.0,100.0
0.0,100.0,0.0,0.0,100.0,100.0,0.0,100.0
0.0,100.0,0.0,0.0,100.0,100.0,0.0,100.0
0.0,100.0,0.0,0.0,100.0,100.0,0.0,100.0
0.0,100.0,0.0,0.0,100.0,100.0,0.0,100.0
0.0,100.0,0.0,0.0,100.0,100.0,0.0,100.0
0.0,100.0,0.0,0.0,100.0,100.0,0.0,100.0
0.0,100.0,0.0,0.0,100.0,100.0,0.0,100.0
0.0,100.0,0.0,0.0,100.0,100.0,0.0,100.0
0.0,100.0,0.0,0.0,100.0,100.0,0.0,100.0
0.0,100.0,0.0,0.0,100.0,100.0,0.0,100.0
0.0,100.0,0.0,0.0,100.0,100.0,0.0,100.0
0.0,100.0,0.0,0.0,100.0,100.0,0.0,100.0
0.0,100.0,0.0,0.0,100.0,100.0,0.0,100.0
0.0,100.0,0.0,0.0,100.0,100.0,0.0,100.0
0.0,100.0,0.0,0.0,100.0,100.0,0.0,100.0
0.0,100.0,0.0,0.0,100.0,100.0,0.0,100.0
0.0,100.0,9.1,0.0,100.0,100.0,0.0,100.0
0.0,100.0,0.0,0.0,100.0,100.0,0.0,100.0
0.0,100.0,0.0,0.0,100.0,100.0,0.0,100.0
0.0,100.0,0.0,0.0,100.0,100.0,0.0,100.0
0.0,100.0,0.0,0.0,100.0,100.0,0.0,100.0
0.0,100.0,0.0,0.0,100.0,100.0,0.0,100.0
0.0,100.0,0.0,0.0,100.0,100.0,0.0,100.0
0.0,100.0,0.0,0.0,100.0,100.0,0.0,100.0
0.0,100.0,0.0,10.0,100.0,100.0,0.0,100.0
0.0,100.0,0.0,0.0,100.0,100.0,0.0,100.0
0.0,100.0,0.0,0.0,100.0,100.0,0.0,100.0
0.0,100.0,0.0,0.0,100.0,100.0,0.0,100.0
0.0,100.0,0.0,0.0,100.0,100.0,0.0,100.0
0.0,100.0,0.0,0.0,100.0,100.0,0.0,100.0
0.0,100.0,0.0,0.0,100.0,100.0,0.0,100.0
0.0,100.0,0.0,0.0,100.0,100.0,0.0,100.0
0.0,100.0,0.0,0.0,100.0,100.0,0.0,100.0
0.0,100.0,9.1,0.0,100.0,100.0,0.0,100.0
0.0,100.0,0.0,0.0,100.0,100.0,0.0,100.0
0.0,100.0,0.0,0.0,100.0,100.0,0.0,100.0
0.0,100.0,0.0,0.0,100.0,100.0,0.0,100.0
0.0,100.0,0.0,0.0,100.0,100.0,0.0,100.0
0.0,100.0,0.0,0.0,100.0,100.0,0.0,100.0
0.0,100.0,0.0,0.0,100.0,100.0,0.0,100.0
0.0,100.0,0.0,0.0,100.0,100.0,0.0,100.0
0.0,100.0,0.0,0.0,100.0,100.0,0.0,100.0
0.0,100.0,0.0,0.0,100.0,100.0,0.0,100.0
0.0,100.0,0.0,0.0,100.0,100.0,0.0,100.0
0.0,100.0,0.0,0.0,100.0,100.0,0.0,100.0
0.0,100.0,0.0,0.0,100.0,100.0,0.0,91.7
0.0,100.0,9.1,0.0,100.0,100.0,0.0,100.0
0.0,100.0,0.0,0.0,100.0,100.0,0.0,100.0
9.1,100.0,0.0,0.0,100.0,100.0,0.0,100.0
0.0,100.0,0.0,0.0,100.0,100.0,0.0,100.0
0.0,100.0,0.0,0.0,100.0,100.0,0.0,100.0
0.0,100.0,0.0,0.0,100.0,100.0,0.0,100.0
0.0,100.0,0.0,0.0,100.0,100.0,0.0,100.0
0.0,100.0,0.0,0.0,100.0,100.0,0.0,100.0
0.0,100.0,0.0,0.0,100.0,100.0,0.0,100.0
0.0,100.0,0.0,0.0,100.0,100.0,0.0,100.0
0.0,100.0,0.0,0.0,100.0,100.0,0.0,100.0
0.0,100.0,0.0,0.0,100.0,100.0,0.0,100.0
0.0,100.0,0.0,0.0,100.0,100.0,0.0,100.0
0.0,100.0,0.0,0.0,100.0,100.0,0.0,100.0
0.0,100.0,0.0,0.0,100.0,100.0,0.0,100.0
0.0,100.0,0.0,0.0,100.0,100.0,0.0,100.0
0.0,100.0,0.0,0.0,100.0,100.0,0.0,100.0
0.0,100.0,0.0,0.0,100.0,100.0,0.0,100.0
0.0,100.0,0.0,0.0,100.0,100.0,0.0,100.0
0.0,100.0,0.0,0.0,100.0,100.0,0.0,100.0
0.0,100.0,9.1,0.0,100.0,100.0,0.0,100.0
0.0,100.0,0.0,0.0,100.0,100.0,0.0,100.0
0.0,100.0,0.0,0.0,100.0,100.0,0.0,100.0
0.0,100.0,0.0,0.0,100.0,100.0,0.0,100.0
0.0,100.0,0.0,0.0,100.0,100.0,0.0,100.0
0.0,100.0,0.0,0.0,100.0,100.0,0.0,100.0
0.0,100.0,0.0,0.0,100.0,100.0,0.0,100.0
0.0,100.0,0.0,0.0,100.0,100.0,0.0,100.0
0.0,100.0,0.0,0.0,100.0,100.0,0.0,100.0
0.0,100.0,0.0,0.0,100.0,100.0,0.0,100.0
0.0,100.0,0.0,0.0,100.0,100.0,0.0,100.0
0.0,100.0,0.0,0.0,100.0,100.0,0.0,100.0
0.0,100.0,0.0,0.0,100.0,100.0,0.0,100.0
0.0,100.0,0.0,0.0,100.0,100.0,0.0,100.0
0.0,100.0,0.0,0.0,100.0,100.0,0.0,100.0
0.0,100.0,0.0,0.0,100.0,100.0,0.0,100.0
0.0,100.0,0.0,0.0,100.0,100.0,0.0,100.0
0.0,100.0,0.0,0.0,100.0,100.0,0.0,100.0
0.0,100.0,0.0,0.0,100.0,100.0,0.0,100.0
0.0,100.0,9.1,0.0,100.0,100.0,0.0,100.0
0.0,100.0,0.0,0.0,100.0,100.0,0.0,100.0
0.0,100.0,0.0,0.0,100.0,100.0,0.0,100.0
0.0,100.0,0.0,0.0,100.0,100.0,0.0,100.0
0.0,100.0,0.0,0.0,100.0,100.0,0.0,100.0
0.0,100.0,0.0,0.0,100.0,100.0,0.0,100.0
0.0,100.0,0.0,0.0,100.0,100.0,0.0,100.0
0.0,44.4,0.0,0.0,55.6,50.0,0.0,60.0
0.0,27.3,20.0,0.0,18.2,0.0,0.0,0.0
18.2,10.0,0.0,0.0,0.0,10.0,0.0,20.0
44.4,72.7,10.0,0.0,45.5,63.6,0.0,18.2
100.0,100.0,0.0,0.0,100.0,100.0,0.0,0.0
100.0,100.0,0.0,0.0,100.0,100.0,0.0,0.0
100.0,100.0,0.0,0.0,100.0,100.0,0.0,0.0
100.0,100.0,0.0,0.0,100.0,100.0,0.0,0.0
100.0,100.0,9.1,0.0,100.0,100.0,0.0,0.0
100.0,100.0,0.0,0.0,100.0,100.0,0.0,0.0
100.0,100.0,0.0,0.0,100.0,100.0,0.0,0.0
100.0,100.0,0.0,0.0,100.0,100.0,0.0,0.0
100.0,100.0,0.0,0.0,100.0,100.0,0.0,0.0
100.0,100.0,0.0,0.0,100.0,100.0,0.0,0.0
100.0,100.0,0.0,0.0,100.0,100.0,0.0,0.0
100.0,100.0,0.0,0.0,100.0,100.0,0.0,0.0
100.0,100.0,0.0,0.0,100.0,100.0,0.0,0.0
100.0,100.0,0.0,0.0,100.0,100.0,0.0,0.0
100.0,100.0,0.0,0.0,100.0,100.0,0.0,0.0
100.0,100.0,0.0,0.0,100.0,100.0,0.0,0.0
100.0,100.0,0.0,0.0,100.0,100.0,0.0,0.0
100.0,100.0,0.0,0.0,100.0,100.0,0.0,0.0
100.0,100.0,0.0,0.0,100.0,100.0,0.0,0.0
100.0,100.0,9.1,0.0,100.0,100.0,0.0,0.0
100.0,100.0,0.0,0.0,100.0,100.0,0.0,0.0
100.0,100.0,0.0,0.0,100.0,100.0,0.0,0.0
100.0,100.0,0.0,0.0,100.0,100.0,0.0,0.0
100.0,100.0,0.0,0.0,100.0,100.0,0.0,0.0
100.0,100.0,0.0,0.0,100.0,100.0,0.0,0.0
100.0,100.0,0.0,0.0,100.0,100.0,0.0,0.0
100.0,100.0,0.0,0.0,100.0,100.0,0.0,0.0
100.0,100.0,0.0,0.0,100.0,100.0,0.0,0.0
100.0,100.0,0.0,0.0,100.0,100.0,0.0,0.0
100.0,100.0,0.0,0.0,100.0,100.0,0.0,0.0
100.0,100.0,0.0,0.0,100.0,100.0,0.0,0.0
100.0,100.0,0.0,0.0,100.0,100.0,0.0,0.0
100.0,100.0,0.0,0.0,100.0,100.0,0.0,0.0
100.0,100.0,0.0,0.0,100.0,100.0,0.0,0.0
100.0,100.0,0.0,0.0,100.0,100.0,0.0,0.0
100.0,100.0,0.0,0.0,100.0,100.0,0.0,0.0
100.0,100.0,0.0,0.0,100.0,100.0,0.0,0.0
90.0,88.9,0.0,0.0,100.0,90.0,0.0,0.0
10.0,0.0,9.1,0.0,0.0,0.0,0.0,11.1
36.4,22.2,45.5,10.0,18.2,22.2,0.0,20.0
0.0,100.0,100.0,0.0,0.0,100.0,0.0,100.0
0.0,100.0,100.0,0.0,0.0,100.0,0.0,100.0
0.0,100.0,100.0,0.0,0.0,100.0,0.0,100.0
0.0,100.0,100.0,0.0,0.0,100.0,0.0,100.0
0.0,80.0,22.2,9.1,0.0,80.0,55.6,90.0
0.0,100.0,0.0,0.0,0.0,100.0,100.0,100.0
54.5,63.6,27.3,0.0,0.0,81.8,36.4,70.0
100.0,100.0,0.0,0.0,0.0,100.0,0.0,100.0
100.0,100.0,0.0,0.0,0.0,100.0,0.0,100.0
100.0,100.0,0.0,0.0,0.0,100.0,0.0,100.0
90.0,80.0,0.0,20.0,0.0,90.0,0.0,90.0
100.0,0.0,0.0,100.0,0.0,100.0,0.0,100.0
100.0,0.0,0.0,100.0,0.0,100.0,0.0,100.0
100.0,8.3,0.0,100.0,0.0,100.0,0.0,100.0
100.0,0.0,0.0,100.0,0.0,100.0,0.0,100.0
100.0,0.0,0.0,100.0,0.0,100.0,0.0,100.0
100.0,0.0,0.0,100.0,0.0,100.0,0.0,100.0
100.0,0.0,0.0,100.0,0.0,100.0,0.0,100.0
100.0,0.0,9.1,100.0,0.0,100.0,0.0,100.0
100.0,0.0,0.0,100.0,0.0,100.0,0.0,100.0
100.0,0.0,0.0,100.0,0.0,100.0,0.0,100.0
100.0,0.0,0.0,100.0,0.0,100.0,0.0,100.0
100.0,0.0,0.0,100.0,0.0,100.0,0.0,100.0
100.0,0.0,0.0,100.0,0.0,100.0,0.0,100.0
100.0,0.0,0.0,100.0,0.0,100.0,0.0,100.0
100.0,0.0,0.0,100.0,0.0,100.0,0.0,100.0
100.0,0.0,0.0,100.0,0.0,100.0,0.0,100.0
100.0,0.0,0.0,100.0,0.0,100.0,0.0,100.0
100.0,0.0,0.0,100.0,0.0,100.0,9.1,100.0
100.0,0.0,0.0,100.0,0.0,100.0,0.0,100.0
100.0,0.0,0.0,100.0,0.0,100.0,0.0,100.0
100.0,0.0,0.0,100.0,0.0,100.0,0.0,100.0
100.0,0.0,0.0,100.0,0.0,100.0,0.0,100.0
100.0,0.0,0.0,100.0,0.0,100.0,0.0,100.0
100.0,0.0,0.0,100.0,0.0,100.0,0.0,100.0
100.0,0.0,0.0,100.0,0.0,100.0,0.0,100.0
100.0,0.0,0.0,100.0,0.0,100.0,0.0,100.0
100.0,0.0,0.0,100.0,0.0,100.0,0.0,100.0
100.0,0.0,0.0,100.0,0.0,100.0,0.0,100.0
100.0,0.0,0.0,100.0,0.0,100.0,0.0,100.0
100.0,0.0,0.0,100.0,0.0,100.0,0.0,100.0
100.0,0.0,9.1,100.0,0.0,100.0,0.0,100.0
100.0,0.0,0.0,100.0,0.0,100.0,0.0,100.0
100.0,0.0,0.0,100.0,0.0,100.0,0.0,100.0
100.0,0.0,0.0,100.0,0.0,100.0,0.0,100.0
100.0,0.0,0.0,100.0,0.0,100.0,0.0,100.0
100.0,0.0,0.0,100.0,0.0,100.0,0.0,100.0
100.0,0.0,0.0,100.0,0.0,100.0,0.0,100.0
100.0,0.0,0.0,100.0,0.0,100.0,9.1,100.0
100.0,0.0,0.0,100.0,0.0,100.0,0.0,100.0
100.0,0.0,0.0,100.0,0.0,100.0,0.0,100.0
100.0,0.0,0.0,100.0,0.0,100.0,0.0,100.0
100.0,0.0,0.0,100.0,0.0,100.0,0.0,100.0
100.0,0.0,0.0,100.0,0.0,100.0,0.0,100.0
100.0,0.0,0.0,100.0,0.0,100.0,0.0,100.0
100.0,0.0,0.0,100.0,0.0,100.0,0.0,100.0
100.0,0.0,0.0,100.0,0.0,100.0,0.0,100.0
100.0,0.0,0.0,100.0,0.0,100.0,0.0,100.0
100.0,0.0,0.0,100.0,0.0,100.0,0.0,100.0
100.0,0.0,0.0,100.0,0.0,100.0,0.0,100.0
100.0,0.0,0.0,100.0,0.0,100.0,0.0,100.0
100.0,0.0,0.0,100.0,0.0,100.0,0.0,100.0
100.0,0.0,0.0,100.0,0.0,100.0,0.0,100.0
100.0,0.0,0.0,100.0,0.0,100.0,0.0,100.0
100.0,0.0,0.0,100.0,0.0,100.0,0.0,100.0
100.0,0.0,0.0,100.0,0.0,100.0,0.0,100.0
100.0,0.0,0.0,100.0,0.0,100.0,0.0,100.0
100.0,0.0,0.0,100.0,0.0,100.0,0.0,100.0
100.0,0.0,0.0,100.0,0.0,100.0,9.1,100.0
100.0,0.0,0.0,100.0,0.0,100.0,0.0,100.0
100.0,0.0,0.0,100.0,0.0,100.0,0.0,100.0
100.0,0.0,0.0,100.0,0.0,100.0,0.0,100.0
100.0,0.0,9.1,100.0,0.0,100.0,0.0,100.0
100.0,0.0,0.0,100.0,0.0,100.0,0.0,100.0
100.0,0.0,0.0,100.0,0.0,100.0,0.0,100.0
100.0,0.0,0.0,100.0,0.0,100.0,0.0,100.0
100.0,0.0,0.0,100.0,0.0,100.0,0.0,100.0
100.0,0.0,0.0,100.0,0.0,100.0,0.0,100.0
100.0,0.0,0.0,100.0,0.0,100.0,0.0,100.0
100.0,0.0,0.0,100.0,0.0,100.0,0.0,100.0
100.0,0.0,0.0,100.0,0.0,100.0,0.0,100.0
100.0,0.0,0.0,100.0,0.0,100.0,0.0,100.0
100.0,0.0,0.0,100.0,0.0,100.0,0.0,100.0
100.0,0.0,0.0,100.0,0.0,100.0,0.0,100.0
100.0,0.0,0.0,100.0,0.0,100.0,0.0,100.0
100.0,0.0,0.0,100.0,0.0,100.0,0.0,100.0
100.0,0.0,0.0,100.0,0.0,100.0,0.0,100.0
100.0,0.0,0.0,100.0,0.0,100.0,0.0,100.0
100.0,0.0,0.0,100.0,0.0,100.0,0.0,100.0
100.0,0.0,0.0,100.0,0.0,100.0,0.0,100.0
100.0,9.1,0.0,100.0,0.0,100.0,0.0,100.0
100.0,0.0,0.0,100.0,0.0,100.0,0.0,100.0
100.0,0.0,0.0,100.0,0.0,100.0,0.0,100.0
100.0,0.0,0.0,100.0,0.0,100.0,0.0,100.0
100.0,0.0,0.0,100.0,0.0,100.0,0.0,100.0
100.0,0.0,0.0,100.0,0.0,100.0,0.0,100.0
100.0,0.0,0.0,100.0,0.0,100.0,0.0,100.0
100.0,0.0,0.0,100.0,0.0,100.0,0.0,100.0
100.0,0.0,0.0,100.0,0.0,100.0,0.0,100.0
100.0,0.0,0.0,100.0,0.0,100.0,0.0,100.0
100.0,0.0,0.0,100.0,0.0,100.0,0.0,100.0
100.0,0.0,0.0,100.0,0.0,100.0,0.0,100.0
63.6,0.0,0.0,60.0,0.0,70.0,0.0,66.7
18.2,0.0,10.0,0.0,0.0,10.0,18.2,0.0
10.0,0.0,0.0,0.0,10.0,0.0,10.0,0.0
0.0,0.0,0.0,0.0,0.0,0.0,0.0,0.0
0.0,0.0,0.0,0.0,0.0,0.0,0.0,0.0
0.0,0.0,0.0,0.0,0.0,0.0,0.0,0.0
0.0,0.0,0.0,0.0,0.0,0.0,0.0,9.1
0.0,0.0,0.0,0.0,0.0,9.1,0.0,0.0
0.0,0.0,0.0,0.0,0.0,0.0,0.0,0.0
0.0,0.0,0.0,0.0,9.1,0.0,0.0,9.1
0.0,0.0,0.0,0.0,0.0,0.0,0.0,0.0
0.0,0.0,0.0,0.0,0.0,0.0,0.0,0.0
0.0,0.0,0.0,0.0,0.0,0.0,0.0,0.0
0.0,0.0,0.0,0.0,0.0,11.1,0.0,50.0
0.0,0.0,0.0,9.1,0.0,100.0,0.0,100.0
0.0,0.0,0.0,50.0,0.0,100.0,0.0,100.0
0.0,0.0,90.0,100.0,0.0,100.0,0.0,100.0
0.0,0.0,100.0,100.0,0.0,100.0,0.0,100.0
0.0,0.0,100.0,100.0,0.0,100.0,0.0,100.0
0.0,0.0,100.0,100.0,0.0,100.0,0.0,100.0
0.0,0.0,100.0,100.0,0.0,100.0,0.0,100.0
0.0,0.0,100.0,100.0,0.0,100.0,0.0,100.0
0.0,0.0,100.0,100.0,0.0,100.0,0.0,100.0
0.0,0.0,100.0,100.0,0.0,100.0,0.0,100.0
0.0,0.0,100.0,100.0,0.0,100.0,0.0,100.0
0.0,0.0,100.0,100.0,0.0,100.0,0.0,100.0
0.0,0.0,100.0,100.0,0.0,100.0,0.0,100.0
0.0,0.0,100.0,100.0,0.0,100.0,0.0,100.0
0.0,0.0,100.0,100.0,0.0,100.0,0.0,100.0
0.0,0.0,100.0,100.0,0.0,100.0,0.0,100.0
0.0,0.0,100.0,100.0,0.0,100.0,0.0,100.0
0.0,0.0,100.0,100.0,0.0,100.0,0.0,100.0
0.0,0.0,100.0,100.0,0.0,100.0,0.0,100.0
0.0,0.0,100.0,100.0,0.0,100.0,0.0,100.0
0.0,0.0,100.0,100.0,0.0,100.0,0.0,100.0
0.0,0.0,100.0,100.0,0.0,100.0,0.0,100.0
0.0,0.0,100.0,100.0,0.0,100.0,9.1,100.0
0.0,0.0,100.0,100.0,0.0,100.0,16.7,100.0
0.0,0.0,100.0,100.0,0.0,100.0,9.1,100.0
0.0,0.0,100.0,100.0,0.0,100.0,9.1,100.0
0.0,0.0,100.0,100.0,0.0,100.0,9.1,100.0
0.0,0.0,100.0,100.0,0.0,100.0,16.7,100.0
0.0,0.0,100.0,100.0,0.0,100.0,9.1,100.0
0.0,0.0,100.0,100.0,0.0,100.0,9.1,100.0
0.0,0.0,100.0,100.0,0.0,100.0,0.0,100.0
0.0,0.0,100.0,100.0,0.0,100.0,23.1,100.0
0.0,0.0,100.0,100.0,0.0,100.0,9.1,100.0
0.0,0.0,100.0,100.0,0.0,100.0,0.0,100.0
0.0,0.0,100.0,100.0,0.0,100.0,0.0,100.0
0.0,0.0,100.0,100.0,0.0,100.0,0.0,100.0
0.0,0.0,100.0,100.0,0.0,100.0,0.0,100.0
0.0,0.0,100.0,100.0,0.0,100.0,0.0,100.0
0.0,0.0,100.0,100.0,0.0,100.0,0.0,100.0
0.0,0.0,100.0,100.0,0.0,100.0,0.0,100.0
0.0,0.0,100.0,100.0,0.0,100.0,0.0,100.0
0.0,0.0,100.0,100.0,0.0,100.0,0.0,100.0
0.0,0.0,100.0,100.0,0.0,100.0,0.0,100.0
0.0,0.0,100.0,100.0,0.0,100.0,0.0,100.0
0.0,0.0,100.0,100.0,0.0,100.0,0.0,100.0
0.0,0.0,100.0,100.0,0.0,100.0,0.0,100.0
0.0,0.0,100.0,100.0,0.0,90.0,0.0,90.9
10.0,0.0,10.0,18.2,9.1,0.0,10.0,11.1
0.0,0.0,0.0,10.0,0.0,9.1,0.0,0.0
0.0,0.0,0.0,0.0,0.0,0.0,0.0,0.0
9.1,0.0,0.0,0.0,0.0,0.0,0.0,0.0
0.0,0.0,0.0,0.0,0.0,10.0,0.0,0.0
0.0,0.0,0.0,0.0,0.0,0.0,0.0,7.7
0.0,9.1,0.0,0.0,0.0,0.0,0.0,0.0
0.0,0.0,0.0,0.0,0.0,0.0,0.0,0.0
0.0,0.0,0.0,0.0,0.0,0.0,0.0,0.0
0.0,0.0,0.0,0.0,10.0,0.0,0.0,0.0
0.0,0.0,0.0,0.0,0.0,0.0,0.0,0.0
0.0,0.0,0.0,0.0,0.0,0.0,0.0,9.1
0.0,9.1,0.0,0.0,0.0,0.0,0.0,100.0
0.0,0.0,0.0,0.0,0.0,0.0,0.0,100.0
0.0,0.0,0.0,0.0,0.0,0.0,0.0,100.0
0.0,0.0,0.0,9.1,11.1,0.0,0.0,100.0
0.0,0.0,0.0,0.0,100.0,44.4,0.0,100.0
0.0,0.0,0.0,100.0,100.0,100.0,0.0,100.0
0.0,0.0,0.0,100.0,100.0,100.0,0.0,100.0
0.0,0.0,0.0,100.0,100.0,100.0,0.0,100.0
0.0,0.0,0.0,100.0,100.0,100.0,0.0,100.0
0.0,0.0,9.1,40.0,40.0,40.0,0.0,50.0
0.0,0.0,0.0,100.0,40.0,0.0,0.0,36.4
0.0,0.0,0.0,100.0,100.0,72.7,0.0,100.0
0.0,0.0,9.1,100.0,100.0,100.0,0.0,100.0
0.0,0.0,0.0,100.0,100.0,100.0,0.0,100.0
0.0,0.0,0.0,70.0,70.0,70.0,0.0,66.7
0.0,0.0,0.0,60.0,36.4,0.0,0.0,30.0
0.0,0.0,11.1,80.0,0.0,0.0,0.0,0.0
0.0,0.0,100.0,0.0,0.0,54.5,0.0,0.0
0.0,0.0,18.2,30.0,60.0,100.0,9.1,0.0
0.0,0.0,0.0,100.0,90.0,100.0,0.0,90.0
0.0,0.0,0.0,100.0,100.0,100.0,0.0,100.0
0.0,0.0,0.0,100.0,100.0,100.0,0.0,100.0
0.0,0.0,0.0,100.0,100.0,100.0,0.0,100.0
0.0,0.0,0.0,100.0,100.0,100.0,0.0,100.0
0.0,0.0,0.0,100.0,100.0,100.0,0.0,100.0
0.0,0.0,0.0,100.0,100.0,100.0,9.1,100.0
0.0,0.0,0.0,100.0,100.0,100.0,0.0,100.0
0.0,0.0,0.0,100.0,100.0,100.0,0.0,100.0
0.0,0.0,0.0,100.0,100.0,100.0,0.0,100.0
0.0,0.0,0.0,100.0,100.0,100.0,0.0,100.0
0.0,0.0,0.0,100.0,90.0,90.0,0.0,90.9
0.0,0.0,0.0,100.0,100.0,100.0,0.0,100.0
0.0,0.0,0.0,100.0,100.0,100.0,0.0,100.0
0.0,0.0,0.0,100.0,100.0,100.0,0.0,100.0
0.0,0.0,0.0,100.0,100.0,100.0,0.0,100.0
0.0,0.0,0.0,100.0,100.0,100.0,0.0,100.0
0.0,0.0,0.0,100.0,100.0,100.0,0.0,100.0
0.0,0.0,0.0,100.0,100.0,100.0,0.0,100.0
0.0,0.0,0.0,100.0,100.0,100.0,0.0,100.0
0.0,0.0,0.0,100.0,100.0,100.0,0.0,100.0
0.0,0.0,0.0,100.0,100.0,100.0,0.0,100.0
0.0,0.0,0.0,100.0,100.0,100.0,0.0,100.0
0.0,0.0,9.1,100.0,100.0,100.0,0.0,100.0
0.0,0.0,0.0,100.0,100.0,100.0,0.0,100.0
0.0,0.0,0.0,100.0,100.0,100.0,0.0,100.0
0.0,0.0,0.0,100.0,100.0,100.0,0.0,100.0
9.1,0.0,0.0,100.0,100.0,100.0,0.0,100.0
0.0,0.0,0.0,100.0,100.0,100.0,0.0,100.0
0.0,0.0,0.0,100.0,100.0,100.0,0.0,100.0
0.0,0.0,0.0,100.0,100.0,100.0,8.3,100.0
0.0,0.0,0.0,100.0,100.0,100.0,0.0,100.0
0.0,0.0,0.0,100.0,100.0,100.0,0.0,100.0
0.0,0.0,0.0,100.0,100.0,100.0,0.0,100.0
0.0,0.0,0.0,100.0,100.0,100.0,0.0,100.0
0.0,0.0,0.0,100.0,100.0,100.0,0.0,100.0
0.0,0.0,0.0,100.0,100.0,100.0,0.0,100.0
0.0,0.0,8.3,100.0,100.0,100.0,0.0,100.0
0.0,0.0,0.0,100.0,100.0,100.0,0.0,100.0
0.0,0.0,0.0,100.0,100.0,100.0,0.0,100.0
0.0,0.0,0.0,100.0,100.0,100.0,0.0,100.0
0.0,0.0,0.0,100.0,100.0,100.0,0.0,100.0
0.0,0.0,0.0,100.0,100.0,100.0,0.0,100.0
0.0,0.0,0.0,100.0,100.0,100.0,0.0,100.0
0.0,0.0,0.0,100.0,100.0,100.0,0.0,100.0
0.0,0.0,0.0,100.0,100.0,100.0,0.0,100.0
0.0,0.0,0.0,100.0,100.0,100.0,0.0,100.0
0.0,0.0,0.0,100.0,100.0,100.0,0.0,100.0
9.1,0.0,9.1,100.0,100.0,100.0,0.0,100.0
0.0,0.0,0.0,100.0,100.0,100.0,0.0,100.0
0.0,0.0,0.0,100.0,100.0,100.0,0.0,100.0
0.0,0.0,0.0,100.0,100.0,100.0,0.0,100.0
0.0,0.0,0.0,100.0,100.0,100.0,0.0,100.0
0.0,0.0,0.0,100.0,100.0,100.0,0.0,100.0
0.0,0.0,9.1,100.0,100.0,100.0,0.0,100.0
0.0,0.0,0.0,100.0,100.0,100.0,0.0,100.0
0.0,0.0,0.0,100.0,100.0,100.0,0.0,100.0
0.0,0.0,0.0,100.0,100.0,100.0,0.0,100.0
0.0,0.0,0.0,100.0,100.0,100.0,0.0,100.0
0.0,0.0,0.0,100.0,100.0,100.0,0.0,100.0
0.0,0.0,0.0,100.0,100.0,100.0,0.0,100.0
0.0,0.0,0.0,100.0,100.0,100.0,0.0,100.0
0.0,0.0,0.0,100.0,100.0,100.0,0.0,100.0
0.0,0.0,0.0,100.0,100.0,100.0,0.0,100.0
0.0,0.0,0.0,100.0,100.0,100.0,0.0,100.0
0.0,0.0,0.0,100.0,100.0,100.0,0.0,100.0
0.0,0.0,0.0,100.0,100.0,100.0,0.0,100.0
0.0,0.0,0.0,100.0,100.0,100.0,0.0,100.0
0.0,0.0,0.0,100.0,100.0,100.0,0.0,100.0
0.0,0.0,0.0,100.0,100.0,100.0,0.0,100.0
0.0,0.0,0.0,100.0,100.0,100.0,0.0,100.0
0.0,0.0,0.0,100.0,100.0,100.0,0.0,100.0
0.0,0.0,0.0,100.0,100.0,100.0,0.0,100.0
0.0,0.0,0.0,100.0,100.0,100.0,0.0,100.0
0.0,0.0,0.0,100.0,100.0,100.0,0.0,100.0
0.0,0.0,0.0,100.0,100.0,100.0,0.0,100.0
0.0,0.0,0.0,100.0,100.0,100.0,0.0,100.0
0.0,0.0,0.0,100.0,100.0,100.0,0.0,100.0
0.0,0.0,0.0,100.0,100.0,100.0,0.0,100.0
0.0,0.0,0.0,100.0,100.0,100.0,0.0,100.0
0.0,0.0,0.0,100.0,100.0,100.0,0.0,100.0
0.0,0.0,0.0,100.0,100.0,100.0,0.0,100.0
0.0,0.0,0.0,100.0,100.0,100.0,0.0,100.0
0.0,0.0,0.0,100.0,100.0,100.0,0.0,100.0
0.0,0.0,0.0,100.0,100.0,100.0,0.0,100.0
0.0,0.0,0.0,100.0,100.0,100.0,0.0,100.0
0.0,0.0,0.0,100.0,100.0,100.0,0.0,100.0
0.0,0.0,0.0,100.0,100.0,100.0,0.0,100.0
0.0,0.0,0.0,100.0,100.0,100.0,0.0,100.0
0.0,0.0,0.0,100.0,100.0,100.0,0.0,100.0
0.0,0.0,0.0,100.0,100.0,100.0,0.0,100.0
0.0,0.0,0.0,100.0,100.0,100.0,0.0,100.0
0.0,0.0,0.0,100.0,100.0,100.0,0.0,100.0
0.0,0.0,0.0,100.0,100.0,100.0,0.0,100.0
0.0,0.0,0.0,100.0,100.0,100.0,0.0,100.0
0.0,0.0,0.0,100.0,100.0,100.0,0.0,100.0
0.0,0.0,0.0,100.0,100.0,100.0,0.0,100.0
0.0,0.0,0.0,100.0,100.0,100.0,0.0,100.0
0.0,0.0,0.0,100.0,100.0,100.0,0.0,100.0
0.0,0.0,0.0,100.0,100.0,100.0,0.0,100.0
0.0,0.0,0.0,100.0,100.0,100.0,0.0,100.0
0.0,0.0,0.0,100.0,100.0,100.0,0.0,100.0
0.0,0.0,0.0,100.0,100.0,100.0,0.0,100.0
0.0,0.0,0.0,100.0,100.0,100.0,0.0,100.0
0.0,0.0,0.0,100.0,100.0,100.0,0.0,100.0
0.0,0.0,0.0,100.0,100.0,100.0,0.0,100.0
0.0,0.0,0.0,100.0,100.0,100.0,0.0,100.0
0.0,0.0,0.0,100.0,100.0,100.0,0.0,100.0
0.0,0.0,0.0,100.0,100.0,100.0,0.0,100.0
0.0,0.0,0.0,100.0,100.0,100.0,0.0,100.0
0.0,0.0,0.0,100.0,100.0,100.0,0.0,100.0
0.0,0.0,0.0,100.0,100.0,100.0,0.0,100.0
0.0,0.0,0.0,100.0,100.0,100.0,0.0,100.0
0.0,0.0,0.0,100.0,100.0,100.0,0.0,100.0
0.0,0.0,0.0,100.0,100.0,100.0,0.0,100.0
0.0,0.0,0.0,100.0,100.0,100.0,0.0,100.0
0.0,0.0,0.0,100.0,100.0,100.0,0.0,100.0
0.0,0.0,0.0,100.0,100.0,100.0,0.0,100.0
0.0,0.0,0.0,100.0,100.0,100.0,0.0,100.0
0.0,0.0,0.0,72.7,70.0,77.8,0.0,77.8
10.0,10.0,0.0,9.1,18.2,18.2,18.2,18.2
0.0,0.0,0.0,0.0,0.0,0.0,0.0,0.0
0.0,9.1,0.0,0.0,0.0,0.0,0.0,9.1
0.0,0.0,0.0,0.0,0.0,0.0,0.0,0.0
0.0,0.0,0.0,0.0,0.0,0.0,0.0,9.1
0.0,0.0,0.0,0.0,0.0,0.0,0.0,0.0
9.1,0.0,0.0,0.0,0.0,0.0,0.0,0.0
0.0,0.0,0.0,0.0,0.0,0.0,0.0,0.0
0.0,0.0,0.0,0.0,0.0,0.0,0.0,0.0
0.0,0.0,0.0,0.0,0.0,0.0,0.0,0.0
0.0,9.1,0.0,0.0,10.0,0.0,0.0,0.0
0.0,0.0,0.0,0.0,0.0,0.0,0.0,0.0
9.1,0.0,0.0,0.0,0.0,0.0,9.1,0.0
0.0,0.0,0.0,0.0,0.0,0.0,0.0,0.0
0.0,0.0,0.0,0.0,0.0,0.0,0.0,0.0
100.0,9.1,0.0,0.0,0.0,0.0,0.0,0.0
100.0,0.0,0.0,0.0,0.0,0.0,0.0,0.0
100.0,0.0,0.0,0.0,81.8,0.0,0.0,9.1
100.0,0.0,0.0,0.0,100.0,0.0,0.0,66.7
100.0,0.0,0.0,9.1,100.0,81.8,0.0,100.0
100.0,0.0,0.0,0.0,100.0,100.0,0.0,100.0
100.0,0.0,0.0,0.0,100.0,100.0,0.0,100.0
100.0,0.0,0.0,0.0,100.0,100.0,0.0,100.0
100.0,0.0,0.0,0.0,100.0,100.0,0.0,100.0
100.0,0.0,0.0,0.0,100.0,100.0,0.0,100.0
100.0,0.0,0.0,0.0,100.0,100.0,0.0,100.0
100.0,0.0,0.0,0.0,100.0,100.0,0.0,100.0
100.0,0.0,0.0,0.0,100.0,100.0,0.0,100.0
100.0,0.0,0.0,0.0,100.0,100.0,0.0,100.0
100.0,0.0,0.0,0.0,100.0,100.0,0.0,100.0
100.0,0.0,0.0,0.0,100.0,100.0,0.0,100.0
100.0,0.0,0.0,0.0,100.0,100.0,0.0,100.0
100.0,0.0,9.1,0.0,100.0,100.0,0.0,100.0
100.0,0.0,0.0,0.0,100.0,100.0,0.0,100.0
100.0,0.0,0.0,0.0,100.0,100.0,0.0,100.0
100.0,0.0,0.0,0.0,100.0,100.0,0.0,100.0
100.0,0.0,0.0,0.0,100.0,100.0,0.0,100.0
100.0,0.0,0.0,0.0,100.0,100.0,0.0,100.0
100.0,0.0,0.0,0.0,100.0,100.0,0.0,100.0
100.0,0.0,0.0,0.0,100.0,100.0,0.0,100.0
100.0,0.0,0.0,0.0,100.0,100.0,0.0,100.0
100.0,0.0,0.0,0.0,100.0,100.0,0.0,100.0
100.0,0.0,0.0,0.0,100.0,100.0,0.0,100.0
100.0,0.0,0.0,0.0,100.0,100.0,0.0,100.0
100.0,0.0,0.0,0.0,100.0,100.0,0.0,100.0
100.0,0.0,0.0,0.0,100.0,100.0,0.0,100.0
100.0,0.0,0.0,0.0,100.0,100.0,0.0,100.0
100.0,0.0,0.0,0.0,100.0,100.0,0.0,100.0
100.0,0.0,0.0,0.0,100.0,100.0,0.0,100.0
100.0,0.0,0.0,0.0,100.0,100.0,0.0,100.0
100.0,0.0,0.0,0.0,100.0,100.0,0.0,100.0
100.0,0.0,0.0,0.0,100.0,100.0,0.0,100.0
100.0,0.0,0.0,0.0,100.0,100.0,0.0,100.0
100.0,0.0,0.0,0.0,100.0,100.0,0.0,100.0
100.0,0.0,0.0,0.0,100.0,100.0,0.0,100.0
100.0,0.0,0.0,0.0,100.0,100.0,0.0,100.0
62.5,0.0,0.0,0.0,66.7,66.7,0.0,70.0
10.0,9.1,0.0,0.0,0.0,9.1,0.0,0.0
0.0,0.0,0.0,0.0,0.0,0.0,0.0,0.0
0.0,0.0,0.0,0.0,0.0,0.0,9.1,0.0
0.0,0.0,0.0,0.0,0.0,0.0,0.0,0.0
0.0,0.0,0.0,0.0,8.3,0.0,0.0,0.0
0.0,0.0,0.0,0.0,0.0,0.0,0.0,0.0
0.0,0.0,0.0,0.0,0.0,0.0,0.0,0.0
0.0,0.0,0.0,0.0,0.0,0.0,0.0,0.0
0.0,0.0,0.0,0.0,0.0,0.0,0.0,0.0
0.0,0.0,0.0,0.0,0.0,0.0,0.0,0.0
9.1,9.1,0.0,0.0,0.0,0.0,0.0,0.0
0.0,0.0,0.0,9.1,0.0,0.0,0.0,0.0
0.0,0.0,0.0,0.0,0.0,0.0,0.0,0.0
0.0,0.0,0.0,0.0,0.0,0.0,0.0,0.0
0.0,0.0,8.3,0.0,0.0,0.0,0.0,0.0
0.0,0.0,0.0,0.0,0.0,0.0,0.0,30.8
0.0,0.0,0.0,0.0,40.0,0.0,0.0,100.0
0.0,0.0,0.0,0.0,100.0,0.0,0.0,100.0
0.0,0.0,0.0,0.0,100.0,0.0,0.0,100.0
0.0,0.0,100.0,0.0,100.0,0.0,60.0,100.0
0.0,0.0,100.0,0.0,100.0,0.0,100.0,100.0
0.0,0.0,100.0,0.0,100.0,0.0,100.0,100.0
0.0,0.0,100.0,0.0,100.0,0.0,100.0,100.0
0.0,27.3,66.7,0.0,70.0,0.0,66.7,60.0
0.0,100.0,0.0,0.0,0.0,0.0,46.2,8.3
0.0,100.0,0.0,0.0,55.6,0.0,100.0,100.0
0.0,100.0,0.0,0.0,100.0,0.0,100.0,90.0
0.0,100.0,0.0,0.0,100.0,0.0,100.0,100.0
0.0,45.5,0.0,0.0,33.3,0.0,45.5,45.5
0.0,20.0,9.1,10.0,0.0,0.0,0.0,27.3
0.0,20.0,0.0,0.0,50.0,9.1,36.4,0.0
0.0,100.0,0.0,0.0,100.0,0.0,100.0,100.0
0.0,100.0,0.0,0.0,100.0,0.0,100.0,100.0
0.0,100.0,0.0,0.0,100.0,0.0,100.0,100.0
0.0,100.0,0.0,0.0,100.0,0.0,100.0,100.0
0.0,100.0,0.0,0.0,100.0,0.0,100.0,100.0
0.0,100.0,0.0,0.0,100.0,0.0,100.0,100.0
0.0,100.0,0.0,0.0,100.0,0.0,100.0,100.0
0.0,100.0,0.0,0.0,100.0,0.0,100.0,100.0
0.0,100.0,0.0,0.0,100.0,0.0,100.0,100.0
0.0,100.0,0.0,0.0,100.0,0.0,100.0,100.0
0.0,100.0,0.0,0.0,100.0,0.0,100.0,100.0
0.0,100.0,0.0,0.0,100.0,0.0,100.0,100.0
0.0,100.0,0.0,0.0,100.0,0.0,100.0,100.0
0.0,100.0,0.0,0.0,100.0,0.0,100.0,100.0
0.0,100.0,0.0,0.0,100.0,0.0,100.0,100.0
0.0,100.0,0.0,0.0,100.0,0.0,100.0,100.0
0.0,100.0,0.0,0.0,100.0,0.0,100.0,100.0
0.0,100.0,0.0,0.0,100.0,0.0,100.0,100.0
0.0,100.0,0.0,0.0,100.0,0.0,100.0,100.0
0.0,100.0,0.0,0.0,100.0,0.0,100.0,100.0
0.0,100.0,0.0,0.0,100.0,0.0,100.0,100.0
0.0,100.0,0.0,0.0,100.0,0.0,100.0,100.0
0.0,100.0,0.0,0.0,100.0,0.0,100.0,100.0
0.0,100.0,0.0,0.0,100.0,0.0,100.0,100.0
0.0,100.0,0.0,0.0,100.0,0.0,100.0,100.0
0.0,100.0,0.0,0.0,100.0,0.0,100.0,100.0
0.0,100.0,0.0,0.0,100.0,0.0,100.0,100.0
0.0,100.0,0.0,0.0,100.0,0.0,100.0,100.0
0.0,100.0,0.0,0.0,100.0,0.0,100.0,100.0
0.0,100.0,0.0,0.0,100.0,0.0,100.0,100.0
0.0,100.0,0.0,0.0,100.0,0.0,100.0,100.0
0.0,36.4,0.0,0.0,30.0,0.0,33.3,27.3
0.0,0.0,0.0,0.0,0.0,0.0,0.0,0.0
0.0,80.0,9.1,0.0,22.2,9.1,80.0,100.0
0.0,100.0,0.0,0.0,100.0,0.0,100.0,100.0
0.0,100.0,0.0,0.0,100.0,0.0,100.0,100.0
0.0,100.0,0.0,0.0,100.0,0.0,100.0,100.0
0.0,100.0,0.0,0.0,100.0,0.0,100.0,100.0
0.0,100.0,0.0,0.0,100.0,0.0,100.0,100.0
0.0,100.0,0.0,0.0,100.0,0.0,100.0,100.0
0.0,100.0,0.0,0.0,100.0,0.0,100.0,100.0
0.0,100.0,0.0,0.0,100.0,0.0,100.0,100.0
0.0,100.0,0.0,0.0,100.0,0.0,100.0,100.0
0.0,100.0,0.0,0.0,100.0,0.0,100.0,100.0
0.0,100.0,0.0,0.0,100.0,0.0,100.0,100.0
0.0,100.0,0.0,0.0,100.0,0.0,100.0,100.0
0.0,100.0,0.0,0.0,100.0,0.0,100.0,100.0
0.0,100.0,0.0,0.0,100.0,0.0,100.0,100.0
0.0,100.0,0.0,0.0,100.0,0.0,100.0,100.0
0.0,100.0,0.0,0.0,100.0,0.0,100.0,100.0
0.0,100.0,9.1,0.0,100.0,0.0,100.0,100.0
0.0,100.0,0.0,0.0,100.0,0.0,100.0,100.0
0.0,100.0,0.0,0.0,100.0,0.0,100.0,100.0
0.0,100.0,0.0,0.0,100.0,0.0,100.0,100.0
0.0,100.0,0.0,0.0,100.0,0.0,100.0,100.0
9.1,0.0,0.0,0.0,60.0,55.6,50.0,50.0
0.0,9.1,9.1,0.0,0.0,0.0,9.1,9.1
0.0,0.0,0.0,0.0,0.0,0.0,0.0,0.0
0.0,0.0,0.0,0.0,0.0,0.0,0.0,0.0
0.0,0.0,0.0,0.0,0.0,0.0,0.0,0.0
0.0,0.0,0.0,0.0,0.0,0.0,0.0,0.0
0.0,0.0,0.0,0.0,0.0,0.0,0.0,0.0
0.0,0.0,0.0,0.0,0.0,0.0,0.0,0.0
0.0,0.0,0.0,0.0,0.0,0.0,0.0,0.0
0.0,0.0,0.0,0.0,0.0,0.0,0.0,0.0
0.0,0.0,0.0,0.0,0.0,0.0,0.0,0.0
0.0,0.0,0.0,0.0,0.0,0.0,0.0,0.0
0.0,0.0,0.0,0.0,0.0,0.0,0.0,0.0
0.0,0.0,0.0,0.0,0.0,0.0,0.0,0.0
0.0,0.0,0.0,0.0,0.0,0.0,0.0,0.0
0.0,0.0,0.0,0.0,0.0,0.0,0.0,0.0
0.0,0.0,0.0,0.0,0.0,0.0,0.0,0.0
0.0,0.0,0.0,0.0,0.0,0.0,0.0,0.0
0.0,0.0,0.0,0.0,0.0,0.0,0.0,0.0
0.0,0.0,0.0,0.0,0.0,0.0,0.0,0.0
0.0,0.0,0.0,0.0,0.0,0.0,0.0,0.0
0.0,0.0,0.0,0.0,0.0,0.0,0.0,0.0
0.0,0.0,0.0,0.0,0.0,0.0,0.0,0.0
0.0,0.0,0.0,0.0,0.0,0.0,0.0,0.0
0.0,0.0,0.0,0.0,0.0,0.0,0.0,0.0
0.0,0.0,0.0,0.0,0.0,0.0,0.0,0.0
0.0,0.0,0.0,0.0,0.0,0.0,0.0,0.0
0.0,0.0,0.0,0.0,0.0,0.0,0.0,0.0
0.0,0.0,0.0,0.0,0.0,0.0,0.0,0.0
0.0,0.0,0.0,0.0,0.0,0.0,0.0,0.0
0.0,0.0,0.0,0.0,0.0,0.0,0.0,0.0
0.0,0.0,0.0,0.0,0.0,0.0,0.0,0.0
0.0,0.0,0.0,0.0,0.0,0.0,0.0,0.0
0.0,0.0,0.0,0.0,0.0,0.0,0.0,0.0
0.0,0.0,0.0,0.0,0.0,0.0,0.0,0.0
0.0,0.0,0.0,0.0,0.0,0.0,0.0,0.0
0.0,0.0,0.0,0.0,0.0,0.0,0.0,0.0
0.0,0.0,0.0,0.0,0.0,0.0,0.0,0.0
0.0,0.0,0.0,0.0,0.0,0.0,0.0,0.0
0.0,0.0,0.0,0.0,0.0,0.0,0.0,0.0
0.0,0.0,0.0,0.0,0.0,0.0,0.0,0.0
0.0,0.0,0.0,0.0,0.0,0.0,0.0,0.0
0.0,0.0,0.0,0.0,0.0,0.0,0.0,0.0
0.0,0.0,0.0,0.0,0.0,0.0,0.0,0.0
0.0,0.0,0.0,0.0,0.0,0.0,0.0,0.0
0.0,0.0,0.0,0.0,0.0,0.0,0.0,0.0
0.0,0.0,0.0,0.0,0.0,0.0,0.0,0.0
0.0,0.0,0.0,0.0,0.0,0.0,0.0,0.0
0.0,0.0,0.0,0.0,0.0,0.0,0.0,0.0
0.0,0.0,0.0,0.0,0.0,0.0,0.0,0.0
0.0,0.0,0.0,0.0,0.0,0.0,0.0,0.0
0.0,0.0,0.0,0.0,0.0,0.0,0.0,0.0
0.0,0.0,0.0,0.0,0.0,0.0,0.0,0.0
0.0,0.0,0.0,0.0,0.0,0.0,0.0,0.0
0.0,0.0,0.0,0.0,0.0,0.0,0.0,0.0
0.0,0.0,0.0,0.0,0.0,0.0,0.0,0.0
0.0,0.0,0.0,0.0,0.0,0.0,0.0,0.0
0.0,0.0,0.0,0.0,0.0,0.0,0.0,0.0
0.0,0.0,0.0,0.0,0.0,0.0,0.0,0.0
0.0,0.0,0.0,0.0,0.0,0.0,0.0,0.0
0.0,0.0,0.0,0.0,0.0,0.0,0.0,0.0
0.0,0.0,0.0,0.0,0.0,0.0,0.0,0.0
0.0,0.0,0.0,0.0,0.0,0.0,0.0,0.0
0.0,0.0,9.1,0.0,0.0,0.0,0.0,0.0
0.0,0.0,0.0,0.0,0.0,0.0,0.0,0.0
0.0,0.0,0.0,0.0,0.0,0.0,0.0,0.0
0.0,0.0,0.0,0.0,0.0,0.0,0.0,0.0
0.0,0.0,0.0,0.0,0.0,0.0,0.0,0.0
0.0,0.0,0.0,0.0,0.0,0.0,0.0,0.0
0.0,0.0,0.0,0.0,0.0,0.0,0.0,0.0
0.0,0.0,0.0,0.0,0.0,0.0,0.0,0.0
0.0,0.0,0.0,0.0,0.0,0.0,0.0,0.0
0.0,0.0,0.0,0.0,0.0,0.0,0.0,0.0
0.0,0.0,0.0,0.0,0.0,0.0,0.0,0.0
0.0,0.0,0.0,0.0,0.0,0.0,0.0,0.0
0.0,0.0,0.0,0.0,0.0,0.0,0.0,0.0
0.0,0.0,0.0,0.0,0.0,0.0,0.0,0.0
0.0,0.0,0.0,0.0,0.0,0.0,0.0,0.0
0.0,0.0,0.0,0.0,0.0,0.0,0.0,0.0
0.0,0.0,0.0,0.0,0.0,0.0,0.0,0.0
0.0,0.0,0.0,0.0,0.0,0.0,0.0,0.0
0.0,0.0,0.0,0.0,0.0,0.0,0.0,0.0
0.0,0.0,0.0,0.0,0.0,0.0,0.0,0.0
0.0,0.0,0.0,0.0,0.0,0.0,0.0,0.0
0.0,0.0,0.0,0.0,0.0,0.0,0.0,0.0
0.0,0.0,0.0,0.0,0.0,0.0,0.0,0.0
0.0,0.0,0.0,0.0,0.0,0.0,0.0,0.0
0.0,0.0,0.0,0.0,0.0,0.0,0.0,0.0
0.0,0.0,0.0,0.0,0.0,0.0,0.0,0.0
0.0,0.0,0.0,0.0,0.0,0.0,0.0,0.0
0.0,0.0,0.0,0.0,0.0,0.0,0.0,0.0
0.0,0.0,0.0,0.0,0.0,0.0,0.0,0.0
0.0,0.0,0.0,0.0,0.0,0.0,0.0,0.0
0.0,0.0,0.0,0.0,0.0,0.0,0.0,0.0
0.0,0.0,0.0,0.0,0.0,0.0,0.0,0.0
0.0,0.0,0.0,0.0,0.0,0.0,0.0,0.0
0.0,0.0,0.0,0.0,0.0,0.0,0.0,0.0
0.0,0.0,0.0,0.0,0.0,0.0,0.0,0.0
0.0,0.0,0.0,0.0,0.0,0.0,0.0,0.0
0.0,0.0,0.0,0.0,0.0,0.0,0.0,0.0
0.0,0.0,0.0,0.0,0.0,0.0,0.0,0.0
0.0,0.0,0.0,0.0,0.0,0.0,0.0,0.0
0.0,0.0,0.0,0.0,0.0,0.0,0.0,0.0
0.0,0.0,0.0,0.0,0.0,0.0,0.0,0.0
0.0,0.0,0.0,0.0,0.0,0.0,0.0,0.0
0.0,0.0,0.0,0.0,0.0,0.0,0.0,0.0
0.0,0.0,0.0,0.0,0.0,0.0,0.0,0.0
0.0,0.0,0.0,0.0,0.0,0.0,0.0,0.0
0.0,0.0,0.0,0.0,0.0,0.0,0.0,0.0
0.0,0.0,0.0,0.0,0.0,0.0,0.0,0.0
0.0,0.0,0.0,0.0,0.0,0.0,0.0,0.0
0.0,0.0,0.0,0.0,0.0,0.0,0.0,0.0
0.0,0.0,0.0,0.0,0.0,0.0,0.0,0.0
0.0,0.0,0.0,0.0,0.0,0.0,0.0,0.0
0.0,0.0,0.0,0.0,0.0,0.0,0.0,0.0
0.0,0.0,0.0,0.0,0.0,0.0,0.0,0.0
0.0,0.0,0.0,0.0,0.0,0.0,0.0,0.0
0.0,0.0,0.0,0.0,0.0,0.0,0.0,0.0
0.0,0.0,0.0,0.0,0.0,0.0,0.0,0.0
0.0,0.0,0.0,0.0,0.0,0.0,0.0,0.0
0.0,0.0,0.0,0.0,0.0,0.0,0.0,0.0
0.0,0.0,0.0,0.0,0.0,0.0,0.0,0.0
0.0,0.0,0.0,0.0,0.0,0.0,0.0,0.0
0.0,0.0,0.0,0.0,0.0,0.0,0.0,0.0
0.0,0.0,0.0,0.0,0.0,0.0,0.0,0.0
0.0,0.0,0.0,0.0,0.0,0.0,0.0,0.0
0.0,0.0,0.0,0.0,0.0,0.0,0.0,0.0
0.0,0.0,0.0,0.0,0.0,0.0,0.0,0.0
0.0,0.0,0.0,0.0,0.0,0.0,0.0,0.0
0.0,0.0,0.0,0.0,0.0,0.0,0.0,0.0
0.0,0.0,0.0,0.0,0.0,0.0,0.0,0.0
0.0,0.0,0.0,0.0,0.0,0.0,0.0,0.0
0.0,0.0,0.0,0.0,0.0,0.0,0.0,0.0
0.0,0.0,0.0,0.0,0.0,0.0,0.0,0.0
0.0,0.0,0.0,0.0,0.0,0.0,0.0,0.0
0.0,0.0,0.0,0.0,0.0,0.0,0.0,0.0
0.0,0.0,0.0,0.0,0.0,0.0,0.0,0.0
0.0,0.0,0.0,0.0,0.0,0.0,0.0,0.0
0.0,0.0,0.0,0.0,0.0,0.0,0.0,0.0
0.0,0.0,0.0,0.0,0.0,0.0,0.0,0.0
0.0,0.0,0.0,0.0,0.0,0.0,0.0,0.0
0.0,0.0,0.0,0.0,0.0,0.0,0.0,0.0
0.0,0.0,0.0,0.0,0.0,0.0,0.0,0.0
0.0,0.0,0.0,0.0,0.0,0.0,0.0,0.0
0.0,0.0,0.0,0.0,0.0,0.0,0.0,0.0
0.0,0.0,0.0,0.0,0.0,0.0,0.0,0.0
0.0,0.0,0.0,0.0,0.0,0.0,0.0,0.0
0.0,0.0,0.0,0.0,0.0,0.0,0.0,0.0
0.0,0.0,0.0,0.0,0.0,0.0,0.0,0.0
0.0,0.0,0.0,0.0,0.0,0.0,0.0,0.0
0.0,0.0,0.0,0.0,0.0,0.0,0.0,0.0
0.0,0.0,0.0,0.0,0.0,0.0,0.0,0.0
0.0,0.0,0.0,0.0,0.0,0.0,0.0,0.0
0.0,0.0,0.0,0.0,0.0,0.0,0.0,0.0
0.0,0.0,0.0,0.0,0.0,0.0,0.0,0.0
0.0,0.0,0.0,0.0,0.0,0.0,0.0,0.0
0.0,0.0,0.0,0.0,0.0,0.0,0.0,0.0
0.0,0.0,0.0,0.0,0.0,0.0,0.0,0.0
0.0,0.0,0.0,0.0,0.0,0.0,0.0,0.0
0.0,0.0,0.0,0.0,0.0,0.0,0.0,0.0
0.0,0.0,0.0,0.0,0.0,0.0,0.0,0.0
0.0,0.0,0.0,0.0,0.0,0.0,0.0,0.0
0.0,0.0,0.0,0.0,0.0,0.0,0.0,0.0
0.0,0.0,0.0,0.0,0.0,0.0,0.0,0.0
0.0,0.0,0.0,0.0,0.0,0.0,0.0,0.0
0.0,0.0,0.0,0.0,0.0,0.0,0.0,0.0
0.0,0.0,0.0,0.0,0.0,0.0,0.0,0.0
0.0,0.0,0.0,0.0,0.0,0.0,0.0,0.0
0.0,0.0,0.0,0.0,0.0,0.0,0.0,0.0
0.0,0.0,0.0,0.0,0.0,0.0,0.0,0.0
0.0,0.0,0.0,0.0,0.0,0.0,0.0,0.0
0.0,0.0,0.0,0.0,0.0,0.0,0.0,0.0
0.0,0.0,0.0,0.0,0.0,0.0,0.0,0.0
