0.0,0.0,0.0,0.0,9.1,0.0,0.0,100.0
10.0,11.1,9.1,0.0,10.0,9.1,33.3,27.3
16.7,27.3,10.0,20.0,0.0,0.0,20.0,40.0
0.0,0.0,0.0,0.0,10.0,0.0,20.0,12.5
0.0,0.0,50.0,0.0,50.0,25.0,50.0,54.5
0.0,0.0,100.0,0.0,100.0,0.0,100.0,100.0
0.0,0.0,100.0,0.0,100.0,0.0,100.0,100.0
0.0,0.0,100.0,0.0,100.0,0.0,100.0,100.0
0.0,100.0,100.0,0.0,100.0,0.0,0.0,100.0
0.0,100.0,100.0,0.0,100.0,0.0,0.0,100.0
0.0,90.0,100.0,9.1,100.0,0.0,0.0,90.9
0.0,100.0,100.0,0.0,91.7,0.0,0.0,100.0
0.0,100.0,100.0,0.0,100.0,0.0,0.0,100.0
0.0,100.0,100.0,0.0,100.0,0.0,0.0,100.0
0.0,90.9,90.9,0.0,100.0,0.0,0.0,100.0
0.0,100.0,100.0,0.0,100.0,0.0,0.0,88.9
0.0,90.0,100.0,0.0,90.9,0.0,0.0,100.0
0.0,100.0,90.0,0.0,100.0,0.0,0.0,100.0
0.0,100.0,100.0,0.0,100.0,9.1,0.0,100.0
0.0,100.0,100.0,9.1,90.9,9.1,0.0,90.0
0.0,90.0,90.9,0.0,100.0,0.0,0.0,100.0
0.0,100.0,100.0,0.0,100.0,0.0,0.0,100.0
0.0,100.0,100.0,0.0,100.0,0.0,0.0,100.0
0.0,100.0,100.0,0.0,100.0,0.0,0.0,100.0
0.0,100.0,100.0,0.0,100.0,0.0,0.0,100.0
0.0,100.0,100.0,0.0,100.0,0.0,0.0,100.0
0.0,100.0,100.0,0.0,100.0,0.0,0.0,100.0
0.0,100.0,100.0,0.0,100.0,0.0,0.0,100.0
0.0,100.0,100.0,0.0,100.0,0.0,0.0,100.0
0.0,100.0,100.0,0.0,100.0,0.0,0.0,100.0
0.0,100.0,100.0,0.0,100.0,0.0,0.0,100.0
0.0,100.0,100.0,0.0,91.7,0.0,0.0,100.0
0.0,100.0,100.0,0.0,100.0,0.0,0.0,100.0
0.0,100.0,100.0,0.0,100.0,0.0,0.0,100.0
0.0,100.0,100.0,9.1,100.0,0.0,9.1,100.0
0.0,100.0,100.0,0.0,0.0,100.0,0.0,100.0
0.0,100.0,100.0,0.0,0.0,100.0,0.0,100.0
0.0,100.0,100.0,0.0,0.0,100.0,0.0,100.0
0.0,100.0,100.0,0.0,0.0,100.0,0.0,100.0
0.0,100.0,100.0,0.0,0.0,100.0,0.0,100.0
0.0,100.0,100.0,0.0,0.0,100.0,0.0,100.0
0.0,100.0,100.0,0.0,0.0,100.0,0.0,100.0
0.0,100.0,100.0,0.0,0.0,100.0,0.0,100.0
0.0,100.0,100.0,0.0,0.0,100.0,0.0,90.0
0.0,100.0,100.0,0.0,0.0,100.0,0.0,100.0
0.0,100.0,100.0,0.0,0.0,100.0,0.0,100.0
0.0,100.0,100.0,0.0,0.0,100.0,0.0,100.0
16.7,100.0,100.0,0.0,0.0,100.0,0.0,100.0
0.0,100.0,100.0,0.0,0.0,100.0,0.0,100.0
9.1,100.0,100.0,0.0,0.0,100.0,0.0,100.0
0.0,100.0,100.0,0.0,0.0,100.0,0.0,100.0
0.0,100.0,100.0,0.0,0.0,100.0,0.0,100.0
0.0,100.0,100.0,0.0,0.0,100.0,0.0,100.0
0.0,100.0,100.0,0.0,0.0,100.0,0.0,100.0
0.0,100.0,100.0,0.0,0.0,100.0,0.0,100.0
0.0,100.0,100.0,0.0,0.0,100.0,0.0,100.0
0.0,100.0,100.0,0.0,0.0,100.0,0.0,100.0
0.0,100.0,100.0,0.0,0.0,100.0,9.1,100.0
0.0,100.0,100.0,0.0,0.0,100.0,0.0,100.0
0.0,100.0,100.0,0.0,0.0,100.0,0.0,100.0
0.0,100.0,100.0,0.0,0.0,100.0,0.0,100.0
0.0,100.0,100.0,0.0,0.0,100.0,0.0,100.0
0.0,100.0,100.0,0.0,0.0,100.0,0.0,100.0
0.0,100.0,100.0,0.0,0.0,100.0,9.1,100.0
0.0,100.0,100.0,0.0,0.0,100.0,0.0,100.0
0.0,100.0,100.0,0.0,0.0,100.0,0.0,100.0
0.0,100.0,100.0,0.0,0.0,100.0,0.0,100.0
0.0,100.0,100.0,0.0,0.0,100.0,0.0,100.0
0.0,100.0,100.0,0.0,0.0,100.0,0.0,100.0
0.0,100.0,100.0,0.0,0.0,100.0,0.0,100.0
0.0,100.0,100.0,0.0,0.0,100.0,0.0,100.0
0.0,100.0,100.0,0.0,0.0,100.0,0.0,100.0
0.0,100.0,100.0,0.0,0.0,100.0,0.0,100.0
0.0,100.0,100.0,0.0,0.0,100.0,0.0,100.0
0.0,100.0,100.0,0.0,0.0,100.0,0.0,100.0
0.0,100.0,100.0,0.0,0.0,100.0,0.0,100.0
0.0,100.0,100.0,0.0,0.0,100.0,0.0,100.0
0.0,100.0,100.0,0.0,0.0,100.0,0.0,100.0
0.0,100.0,100.0,0.0,0.0,100.0,0.0,100.0
0.0,100.0,100.0,0.0,0.0,100.0,0.0,100.0
0.0,100.0,100.0,0.0,0.0,100.0,0.0,100.0
0.0,100.0,100.0,0.0,0.0,100.0,0.0,100.0
0.0,100.0,100.0,0.0,0.0,100.0,0.0,100.0
0.0,100.0,100.0,0.0,0.0,100.0,0.0,100.0
0.0,100.0,100.0,0.0,0.0,100.0,0.0,100.0
0.0,100.0,100.0,0.0,0.0,100.0,0.0,100.0
0.0,100.0,100.0,0.0,0.0,100.0,0.0,100.0
0.0,100.0,100.0,0.0,0.0,100.0,0.0,100.0
0.0,100.0,100.0,0.0,0.0,100.0,0.0,100.0
0.0,100.0,100.0,0.0,0.0,100.0,0.0,100.0
0.0,100.0,100.0,0.0,0.0,100.0,0.0,100.0
0.0,100.0,100.0,0.0,0.0,100.0,0.0,100.0
0.0,100.0,100.0,0.0,0.0,100.0,0.0,100.0
0.0,100.0,100.0,0.0,0.0,100.0,0.0,100.0
0.0,100.0,100.0,0.0,0.0,100.0,0.0,100.0
0.0,100.0,100.0,0.0,0.0,100.0,0.0,100.0
0.0,100.0,100.0,0.0,0.0,100.0,0.0,100.0
0.0,100.0,100.0,0.0,0.0,100.0,0.0,100.0
0.0,100.0,100.0,0.0,0.0,100.0,0.0,100.0
0.0,90.9,90.9,0.0,0.0,90.9,0.0,100.0
0.0,100.0,100.0,0.0,0.0,100.0,10.0,100.0
0.0,100.0,100.0,0.0,0.0,100.0,0.0,100.0
0.0,100.0,100.0,0.0,0.0,100.0,0.0,100.0
0.0,100.0,100.0,0.0,0.0,100.0,0.0,100.0
0.0,100.0,100.0,0.0,0.0,100.0,0.0,100.0
0.0,100.0,100.0,0.0,0.0,100.0,0.0,100.0
0.0,100.0,100.0,0.0,0.0,100.0,0.0,100.0
0.0,100.0,100.0,0.0,0.0,100.0,0.0,100.0
0.0,100.0,100.0,0.0,0.0,100.0,0.0,100.0
0.0,100.0,100.0,0.0,0.0,100.0,0.0,100.0
0.0,100.0,100.0,0.0,0.0,100.0,0.0,100.0
0.0,100.0,100.0,0.0,0.0,100.0,0.0,100.0
0.0,100.0,100.0,0.0,0.0,100.0,0.0,100.0
0.0,100.0,100.0,0.0,0.0,100.0,0.0,100.0
0.0,100.0,100.0,0.0,0.0,100.0,0.0,100.0
0.0,100.0,100.0,0.0,0.0,100.0,0.0,100.0
0.0,100.0,100.0,0.0,0.0,100.0,0.0,100.0
0.0,100.0,100.0,0.0,0.0,100.0,0.0,100.0
0.0,100.0,100.0,0.0,0.0,100.0,0.0,100.0
0.0,100.0,100.0,0.0,0.0,100.0,0.0,100.0
9.1,100.0,100.0,0.0,0.0,100.0,0.0,100.0
0.0,100.0,100.0,0.0,0.0,100.0,0.0,100.0
0.0,100.0,100.0,0.0,0.0,100.0,0.0,100.0
0.0,100.0,100.0,0.0,0.0,100.0,9.1,100.0
0.0,100.0,100.0,0.0,0.0,100.0,0.0,100.0
0.0,100.0,100.0,0.0,0.0,100.0,0.0,100.0
0.0,100.0,100.0,0.0,0.0,100.0,0.0,100.0
0.0,100.0,100.0,0.0,0.0,100.0,0.0,100.0
0.0,100.0,100.0,0.0,0.0,100.0,0.0,100.0
0.0,100.0,100.0,0.0,0.0,100.0,0.0,100.0
0.0,100.0,100.0,0.0,0.0,100.0,0.0,100.0
0.0,100.0,100.0,0.0,0.0,100.0,0.0,100.0
0.0,100.0,100.0,0.0,0.0,100.0,0.0,100.0
0.0,100.0,100.0,0.0,0.0,100.0,0.0,100.0
0.0,100.0,100.0,0.0,0.0,100.0,0.0,100.0
0.0,100.0,100.0,0.0,0.0,100.0,0.0,100.0
0.0,100.0,100.0,0.0,0.0,100.0,0.0,100.0
0.0,100.0,100.0,0.0,0.0,100.0,9.1,100.0
0.0,100.0,100.0,0.0,0.0,100.0,0.0,100.0
0.0,100.0,100.0,0.0,0.0,100.0,0.0,100.0
0.0,100.0,100.0,0.0,0.0,100.0,0.0,100.0
0.0,100.0,100.0,0.0,0.0,100.0,0.0,100.0
0.0,100.0,100.0,0.0,0.0,100.0,0.0,100.0
0.0,72.7,80.0,10.0,0.0,77.8,0.0,80.0
0.0,0.0,9.1,11.1,0.0,9.1,0.0,10.0
0.0,0.0,10.0,0.0,0.0,20.0,0.0,10.0
0.0,20.0,44.4,18.2,0.0,0.0,0.0,18.2
0.0,100.0,100.0,100.0,0.0,0.0,0.0,100.0
0.0,100.0,100.0,100.0,0.0,0.0,0.0,100.0
0.0,100.0,100.0,100.0,0.0,0.0,0.0,100.0
0.0,100.0,100.0,100.0,0.0,0.0,0.0,100.0
0.0,100.0,100.0,100.0,0.0,0.0,0.0,100.0
0.0,100.0,100.0,100.0,0.0,0.0,0.0,100.0
0.0,100.0,100.0,100.0,0.0,0.0,0.0,100.0
0.0,100.0,100.0,100.0,0.0,0.0,0.0,100.0
0.0,100.0,100.0,100.0,0.0,0.0,0.0,100.0
0.0,100.0,100.0,100.0,0.0,0.0,0.0,100.0
0.0,100.0,100.0,100.0,0.0,0.0,0.0,100.0
0.0,100.0,100.0,100.0,0.0,0.0,0.0,100.0
0.0,100.0,100.0,100.0,0.0,0.0,0.0,100.0
0.0,100.0,100.0,100.0,0.0,0.0,0.0,100.0
0.0,100.0,100.0,100.0,0.0,0.0,0.0,100.0
0.0,100.0,100.0,100.0,0.0,0.0,0.0,100.0
0.0,100.0,100.0,100.0,0.0,0.0,0.0,100.0
9.1,100.0,100.0,100.0,0.0,0.0,0.0,100.0
0.0,100.0,100.0,100.0,0.0,0.0,0.0,100.0
0.0,100.0,100.0,100.0,0.0,0.0,9.1,100.0
0.0,100.0,100.0,100.0,0.0,0.0,0.0,100.0
0.0,100.0,100.0,100.0,0.0,0.0,0.0,100.0
0.0,100.0,100.0,100.0,0.0,0.0,0.0,100.0
0.0,100.0,100.0,100.0,0.0,0.0,0.0,100.0
0.0,100.0,100.0,100.0,0.0,0.0,0.0,100.0
0.0,100.0,100.0,100.0,0.0,0.0,0.0,100.0
0.0,100.0,100.0,100.0,0.0,0.0,0.0,100.0
0.0,100.0,100.0,100.0,0.0,0.0,0.0,100.0
0.0,100.0,100.0,100.0,0.0,0.0,0.0,100.0
0.0,100.0,100.0,100.0,0.0,0.0,0.0,100.0
0.0,100.0,100.0,100.0,0.0,0.0,0.0,100.0
0.0,100.0,100.0,100.0,0.0,0.0,0.0,100.0
0.0,100.0,100.0,100.0,0.0,0.0,0.0,100.0
0.0,100.0,100.0,100.0,0.0,0.0,0.0,100.0
0.0,100.0,100.0,100.0,0.0,0.0,0.0,100.0
0.0,100.0,100.0,100.0,0.0,0.0,0.0,100.0
0.0,100.0,100.0,100.0,0.0,0.0,0.0,100.0
0.0,100.0,100.0,100.0,0.0,0.0,0.0,100.0
0.0,100.0,100.0,100.0,0.0,0.0,0.0,100.0
0.0,80.0,70.0,70.0,0.0,0.0,0.0,80.0
0.0,80.0,0.0,50.0,0.0,60.0,70.0,9.1
0.0,100.0,0.0,100.0,0.0,100.0,100.0,0.0
0.0,100.0,0.0,100.0,0.0,100.0,100.0,0.0
0.0,100.0,0.0,100.0,0.0,100.0,100.0,0.0
0.0,100.0,0.0,100.0,0.0,100.0,100.0,0.0
0.0,100.0,0.0,100.0,0.0,100.0,100.0,0.0
0.0,90.0,87.5,40.0,0.0,88.9,0.0,55.6
0.0,100.0,100.0,0.0,0.0,100.0,0.0,100.0
0.0,63.6,80.0,0.0,0.0,70.0,0.0,60.0
0.0,75.0,54.5,22.2,0.0,63.6,0.0,55.6
0.0,16.7,10.0,18.2,0.0,0.0,0.0,10.0
0.0,0.0,9.1,9.1,0.0,0.0,11.1,0.0
0.0,50.0,88.9,10.0,0.0,30.0,0.0,44.4
0.0,88.9,100.0,0.0,0.0,100.0,0.0,90.0
0.0,100.0,100.0,0.0,0.0,100.0,0.0,100.0
0.0,100.0,100.0,0.0,0.0,100.0,16.7,100.0
0.0,100.0,100.0,0.0,0.0,100.0,0.0,100.0
0.0,100.0,100.0,0.0,0.0,100.0,0.0,100.0
0.0,100.0,100.0,0.0,0.0,100.0,0.0,100.0
0.0,100.0,100.0,0.0,0.0,100.0,0.0,100.0
0.0,100.0,100.0,0.0,0.0,100.0,0.0,100.0
0.0,100.0,100.0,0.0,0.0,100.0,0.0,100.0
0.0,100.0,100.0,0.0,0.0,100.0,0.0,100.0
0.0,100.0,100.0,0.0,0.0,100.0,0.0,100.0
0.0,100.0,100.0,0.0,0.0,100.0,0.0,100.0
0.0,100.0,100.0,0.0,0.0,100.0,0.0,100.0
0.0,100.0,100.0,0.0,0.0,100.0,0.0,100.0
0.0,100.0,100.0,0.0,0.0,100.0,0.0,100.0
0.0,100.0,100.0,0.0,0.0,100.0,0.0,100.0
0.0,100.0,100.0,0.0,0.0,100.0,0.0,100.0
0.0,100.0,100.0,0.0,0.0,100.0,0.0,100.0
0.0,100.0,100.0,0.0,0.0,100.0,0.0,100.0
0.0,100.0,100.0,0.0,0.0,100.0,0.0,100.0
0.0,100.0,100.0,0.0,0.0,100.0,0.0,100.0
0.0,100.0,100.0,0.0,0.0,100.0,0.0,100.0
0.0,100.0,100.0,0.0,0.0,100.0,16.7,100.0
0.0,100.0,100.0,0.0,0.0,100.0,0.0,100.0
0.0,100.0,100.0,0.0,0.0,100.0,0.0,100.0
0.0,100.0,100.0,0.0,0.0,100.0,0.0,100.0
0.0,100.0,100.0,0.0,0.0,100.0,0.0,100.0
0.0,100.0,100.0,0.0,0.0,100.0,0.0,100.0
0.0,100.0,100.0,0.0,0.0,100.0,0.0,100.0
0.0,100.0,100.0,0.0,0.0,100.0,0.0,100.0
0.0,100.0,100.0,0.0,0.0,100.0,0.0,100.0
0.0,100.0,100.0,0.0,0.0,100.0,0.0,100.0
0.0,100.0,100.0,0.0,0.0,100.0,9.1,100.0
0.0,100.0,100.0,0.0,0.0,100.0,0.0,100.0
0.0,100.0,100.0,0.0,0.0,100.0,0.0,100.0
0.0,100.0,100.0,0.0,0.0,100.0,0.0,100.0
0.0,100.0,100.0,0.0,0.0,100.0,0.0,100.0
0.0,100.0,100.0,0.0,0.0,100.0,0.0,100.0
0.0,100.0,100.0,0.0,0.0,100.0,0.0,100.0
0.0,100.0,100.0,0.0,0.0,100.0,0.0,100.0
0.0,100.0,100.0,0.0,0.0,100.0,0.0,100.0
0.0,100.0,100.0,0.0,0.0,100.0,0.0,100.0
0.0,100.0,100.0,0.0,0.0,100.0,0.0,100.0
0.0,100.0,100.0,0.0,0.0,100.0,0.0,100.0
0.0,100.0,100.0,0.0,0.0,100.0,0.0,100.0
0.0,100.0,100.0,0.0,0.0,100.0,0.0,100.0
0.0,100.0,100.0,0.0,0.0,100.0,0.0,100.0
0.0,100.0,100.0,0.0,0.0,100.0,0.0,100.0
0.0,100.0,100.0,0.0,0.0,100.0,0.0,100.0
0.0,100.0,100.0,0.0,0.0,100.0,0.0,100.0
0.0,100.0,100.0,0.0,0.0,100.0,0.0,100.0
0.0,100.0,100.0,0.0,0.0,100.0,0.0,100.0
0.0,100.0,100.0,0.0,0.0,100.0,0.0,100.0
0.0,100.0,100.0,0.0,0.0,100.0,0.0,100.0
0.0,100.0,100.0,0.0,0.0,100.0,0.0,100.0
0.0,100.0,100.0,0.0,0.0,100.0,0.0,100.0
0.0,100.0,100.0,0.0,0.0,100.0,0.0,100.0
0.0,100.0,100.0,0.0,0.0,100.0,0.0,100.0
0.0,100.0,100.0,0.0,0.0,100.0,0.0,100.0
0.0,100.0,100.0,0.0,0.0,100.0,0.0,100.0
0.0,88.9,90.0,0.0,0.0,100.0,0.0,90.9
0.0,100.0,100.0,0.0,0.0,100.0,100.0,0.0
0.0,100.0,100.0,100.0,0.0,90.9,0.0,0.0
0.0,100.0,100.0,100.0,0.0,100.0,0.0,0.0
0.0,100.0,100.0,100.0,0.0,100.0,0.0,0.0
0.0,100.0,100.0,100.0,0.0,100.0,0.0,0.0
0.0,100.0,100.0,100.0,0.0,100.0,0.0,0.0
0.0,100.0,100.0,100.0,0.0,100.0,0.0,0.0
0.0,100.0,100.0,100.0,0.0,100.0,0.0,0.0
0.0,100.0,100.0,100.0,0.0,100.0,0.0,0.0
0.0,100.0,100.0,100.0,0.0,100.0,0.0,0.0
0.0,100.0,100.0,100.0,0.0,100.0,0.0,0.0
0.0,100.0,100.0,100.0,0.0,100.0,0.0,0.0
0.0,100.0,100.0,100.0,0.0,100.0,0.0,0.0
0.0,100.0,100.0,100.0,0.0,100.0,0.0,0.0
0.0,100.0,100.0,100.0,0.0,100.0,0.0,0.0
0.0,100.0,100.0,100.0,0.0,100.0,0.0,0.0
0.0,100.0,100.0,100.0,0.0,100.0,9.1,0.0
0.0,100.0,100.0,100.0,0.0,100.0,0.0,0.0
0.0,100.0,100.0,100.0,0.0,100.0,0.0,0.0
0.0,100.0,100.0,100.0,0.0,100.0,0.0,0.0
0.0,100.0,100.0,100.0,0.0,100.0,0.0,0.0
0.0,100.0,100.0,100.0,0.0,100.0,0.0,0.0
0.0,100.0,100.0,100.0,0.0,100.0,0.0,0.0
0.0,100.0,100.0,100.0,0.0,100.0,0.0,0.0
0.0,100.0,100.0,100.0,0.0,100.0,0.0,0.0
0.0,100.0,100.0,100.0,0.0,100.0,0.0,0.0
0.0,100.0,100.0,100.0,0.0,100.0,0.0,0.0
0.0,100.0,100.0,100.0,0.0,100.0,0.0,0.0
0.0,100.0,100.0,100.0,0.0,100.0,9.1,0.0
0.0,100.0,100.0,100.0,0.0,100.0,0.0,0.0
0.0,100.0,100.0,100.0,0.0,100.0,0.0,0.0
0.0,100.0,100.0,100.0,0.0,100.0,0.0,0.0
0.0,100.0,100.0,100.0,0.0,100.0,0.0,0.0
0.0,100.0,100.0,100.0,0.0,100.0,0.0,0.0
0.0,100.0,100.0,100.0,0.0,100.0,0.0,0.0
0.0,100.0,100.0,100.0,0.0,100.0,0.0,0.0
0.0,100.0,100.0,100.0,0.0,100.0,0.0,0.0
0.0,100.0,100.0,100.0,0.0,100.0,0.0,0.0
0.0,100.0,100.0,100.0,0.0,100.0,0.0,0.0
0.0,100.0,100.0,100.0,0.0,100.0,0.0,0.0
0.0,100.0,100.0,100.0,0.0,100.0,0.0,0.0
0.0,100.0,100.0,100.0,0.0,100.0,9.1,0.0
0.0,100.0,100.0,100.0,0.0,100.0,0.0,0.0
0.0,100.0,100.0,100.0,0.0,100.0,0.0,0.0
0.0,100.0,100.0,100.0,0.0,100.0,0.0,0.0
0.0,100.0,100.0,100.0,0.0,100.0,0.0,0.0
0.0,100.0,100.0,100.0,0.0,100.0,0.0,0.0
0.0,100.0,100.0,100.0,0.0,100.0,0.0,0.0
0.0,100.0,100.0,100.0,0.0,100.0,0.0,0.0
0.0,100.0,100.0,100.0,0.0,100.0,0.0,0.0
0.0,100.0,100.0,100.0,0.0,100.0,0.0,0.0
0.0,100.0,100.0,100.0,0.0,100.0,0.0,0.0
0.0,100.0,100.0,100.0,0.0,100.0,0.0,0.0
0.0,100.0,100.0,100.0,0.0,100.0,0.0,0.0
0.0,100.0,100.0,100.0,0.0,100.0,0.0,0.0
0.0,100.0,100.0,100.0,0.0,100.0,0.0,0.0
0.0,100.0,100.0,100.0,0.0,100.0,0.0,0.0
0.0,100.0,100.0,100.0,0.0,100.0,0.0,0.0
0.0,100.0,100.0,100.0,0.0,100.0,0.0,0.0
0.0,100.0,100.0,100.0,0.0,100.0,0.0,0.0
0.0,100.0,100.0,100.0,0.0,100.0,0.0,0.0
0.0,100.0,100.0,100.0,0.0,100.0,0.0,0.0
0.0,100.0,100.0,100.0,0.0,100.0,0.0,0.0
0.0,100.0,100.0,100.0,0.0,100.0,0.0,0.0
0.0,100.0,100.0,100.0,0.0,100.0,0.0,0.0
0.0,75.0,80.0,81.8,0.0,88.9,0.0,0.0
0.0,9.1,11.1,10.0,0.0,18.2,9.1,10.0
0.0,10.0,0.0,10.0,0.0,0.0,20.0,18.2
0.0,0.0,8.3,0.0,0.0,0.0,9.1,0.0
0.0,0.0,0.0,0.0,0.0,0.0,0.0,0.0
0.0,0.0,0.0,0.0,0.0,0.0,0.0,0.0
0.0,0.0,0.0,0.0,0.0,0.0,0.0,0.0
0.0,0.0,0.0,0.0,0.0,9.1,0.0,0.0
0.0,0.0,0.0,0.0,0.0,0.0,0.0,0.0
0.0,0.0,0.0,0.0,0.0,0.0,0.0,0.0
0.0,90.0,60.0,9.1,0.0,0.0,0.0,0.0
0.0,100.0,100.0,0.0,0.0,0.0,0.0,0.0
0.0,100.0,100.0,0.0,0.0,0.0,0.0,0.0
0.0,100.0,100.0,0.0,0.0,100.0,0.0,60.0
0.0,100.0,100.0,0.0,0.0,100.0,0.0,100.0
0.0,100.0,100.0,0.0,0.0,100.0,0.0,100.0
0.0,100.0,100.0,0.0,0.0,100.0,0.0,100.0
0.0,100.0,100.0,0.0,0.0,100.0,0.0,100.0
0.0,100.0,100.0,0.0,0.0,100.0,0.0,100.0
0.0,100.0,100.0,0.0,0.0,100.0,0.0,100.0
0.0,100.0,100.0,0.0,0.0,100.0,0.0,100.0
0.0,100.0,100.0,0.0,0.0,100.0,0.0,100.0
0.0,100.0,100.0,0.0,0.0,100.0,0.0,100.0
0.0,100.0,100.0,0.0,0.0,100.0,0.0,100.0
0.0,100.0,100.0,0.0,0.0,100.0,0.0,100.0
0.0,100.0,100.0,0.0,0.0,100.0,0.0,100.0
0.0,100.0,100.0,0.0,0.0,100.0,9.1,100.0
0.0,100.0,100.0,0.0,0.0,100.0,0.0,100.0
0.0,100.0,100.0,0.0,0.0,100.0,0.0,100.0
0.0,100.0,100.0,0.0,0.0,100.0,0.0,100.0
0.0,100.0,100.0,0.0,0.0,100.0,0.0,100.0
0.0,100.0,100.0,0.0,0.0,100.0,0.0,100.0
0.0,100.0,100.0,0.0,0.0,100.0,0.0,100.0
0.0,100.0,100.0,0.0,0.0,100.0,0.0,100.0
0.0,100.0,100.0,0.0,0.0,100.0,0.0,100.0
0.0,100.0,100.0,0.0,0.0,100.0,0.0,100.0
0.0,100.0,100.0,0.0,0.0,100.0,0.0,100.0
0.0,100.0,100.0,0.0,0.0,100.0,0.0,100.0
0.0,100.0,100.0,0.0,0.0,100.0,0.0,100.0
0.0,100.0,100.0,0.0,0.0,100.0,0.0,100.0
0.0,100.0,100.0,0.0,0.0,100.0,0.0,100.0
0.0,100.0,100.0,0.0,0.0,100.0,0.0,100.0
0.0,100.0,100.0,0.0,0.0,100.0,0.0,100.0
0.0,100.0,100.0,0.0,0.0,100.0,0.0,100.0
0.0,100.0,100.0,0.0,0.0,100.0,0.0,100.0
0.0,100.0,100.0,0.0,0.0,100.0,0.0,100.0
0.0,100.0,100.0,0.0,0.0,100.0,0.0,100.0
0.0,100.0,100.0,0.0,0.0,100.0,0.0,100.0
0.0,100.0,100.0,0.0,0.0,100.0,0.0,100.0
0.0,100.0,100.0,0.0,0.0,100.0,0.0,100.0
0.0,100.0,100.0,0.0,0.0,100.0,0.0,100.0
0.0,100.0,100.0,0.0,0.0,100.0,0.0,100.0
0.0,100.0,100.0,0.0,0.0,100.0,0.0,100.0
0.0,100.0,100.0,0.0,0.0,100.0,0.0,100.0
0.0,100.0,100.0,0.0,0.0,100.0,0.0,100.0
0.0,100.0,100.0,0.0,0.0,100.0,0.0,100.0
0.0,100.0,100.0,0.0,0.0,100.0,0.0,100.0
0.0,100.0,100.0,0.0,0.0,100.0,0.0,100.0
0.0,100.0,100.0,0.0,0.0,100.0,0.0,100.0
0.0,100.0,100.0,0.0,0.0,100.0,0.0,100.0
0.0,100.0,100.0,0.0,0.0,100.0,0.0,100.0
0.0,100.0,100.0,0.0,0.0,100.0,0.0,100.0
0.0,100.0,100.0,0.0,0.0,100.0,0.0,100.0
0.0,100.0,100.0,0.0,0.0,100.0,0.0,100.0
0.0,100.0,100.0,0.0,0.0,100.0,0.0,100.0
0.0,100.0,100.0,0.0,0.0,100.0,0.0,100.0
0.0,100.0,100.0,0.0,0.0,100.0,0.0,100.0
0.0,100.0,100.0,0.0,0.0,100.0,0.0,100.0
0.0,100.0,100.0,0.0,0.0,100.0,0.0,100.0
0.0,100.0,100.0,0.0,0.0,100.0,0.0,100.0
0.0,100.0,100.0,0.0,0.0,100.0,0.0,100.0
0.0,100.0,100.0,0.0,0.0,100.0,0.0,100.0
0.0,100.0,100.0,0.0,0.0,100.0,0.0,100.0
0.0,100.0,100.0,0.0,0.0,100.0,0.0,100.0
0.0,100.0,100.0,0.0,0.0,100.0,0.0,100.0
0.0,100.0,100.0,0.0,0.0,100.0,0.0,100.0
0.0,100.0,100.0,0.0,0.0,100.0,0.0,100.0
0.0,100.0,100.0,0.0,0.0,100.0,0.0,100.0
0.0,100.0,100.0,0.0,0.0,100.0,0.0,100.0
0.0,100.0,90.0,0.0,0.0,90.0,0.0,90.0
0.0,0.0,44.4,54.5,0.0,0.0,27.3,55.6
0.0,0.0,100.0,100.0,0.0,0.0,100.0,100.0
0.0,0.0,100.0,100.0,0.0,0.0,100.0,100.0
0.0,0.0,100.0,100.0,0.0,0.0,100.0,100.0
0.0,0.0,100.0,100.0,0.0,0.0,100.0,100.0
0.0,0.0,100.0,100.0,0.0,0.0,100.0,100.0
0.0,0.0,90.9,100.0,0.0,0.0,100.0,90.9
0.0,81.8,90.0,100.0,0.0,0.0,0.0,90.9
0.0,100.0,100.0,100.0,0.0,0.0,0.0,100.0
0.0,70.0,72.7,60.0,0.0,0.0,0.0,70.0
0.0,70.0,77.8,81.8,0.0,0.0,11.1,77.8
0.0,0.0,9.1,18.2,0.0,0.0,18.2,0.0
0.0,0.0,0.0,11.1,0.0,0.0,18.2,0.0
0.0,18.2,23.1,9.1,0.0,60.0,10.0,0.0
0.0,100.0,90.0,0.0,0.0,100.0,0.0,90.9
0.0,100.0,100.0,0.0,0.0,100.0,0.0,100.0
9.1,100.0,100.0,0.0,0.0,100.0,0.0,100.0
0.0,0.0,100.0,100.0,0.0,100.0,0.0,100.0
0.0,0.0,100.0,100.0,0.0,100.0,0.0,100.0
0.0,0.0,100.0,100.0,0.0,100.0,0.0,100.0
0.0,0.0,100.0,100.0,0.0,100.0,0.0,100.0
0.0,0.0,100.0,100.0,0.0,100.0,0.0,100.0
0.0,0.0,100.0,100.0,0.0,100.0,0.0,100.0
0.0,0.0,100.0,100.0,0.0,100.0,0.0,100.0
0.0,0.0,100.0,100.0,0.0,100.0,0.0,100.0
0.0,0.0,100.0,100.0,0.0,100.0,0.0,100.0
0.0,0.0,100.0,100.0,0.0,100.0,0.0,100.0
0.0,0.0,100.0,100.0,0.0,100.0,0.0,100.0
0.0,0.0,100.0,100.0,0.0,100.0,0.0,100.0
0.0,9.1,100.0,100.0,0.0,100.0,0.0,100.0
0.0,0.0,100.0,100.0,0.0,100.0,0.0,100.0
0.0,0.0,100.0,100.0,0.0,100.0,0.0,100.0
0.0,0.0,100.0,100.0,0.0,100.0,0.0,100.0
0.0,0.0,100.0,100.0,0.0,100.0,0.0,100.0
0.0,0.0,100.0,100.0,0.0,100.0,0.0,100.0
0.0,0.0,100.0,100.0,0.0,100.0,0.0,100.0
0.0,0.0,100.0,100.0,0.0,100.0,0.0,100.0
0.0,0.0,100.0,100.0,0.0,100.0,0.0,100.0
0.0,0.0,100.0,100.0,0.0,100.0,0.0,100.0
0.0,0.0,100.0,100.0,0.0,100.0,0.0,100.0
0.0,0.0,100.0,100.0,0.0,100.0,0.0,100.0
0.0,0.0,100.0,100.0,0.0,100.0,0.0,100.0
0.0,0.0,100.0,100.0,0.0,100.0,0.0,100.0
0.0,0.0,100.0,100.0,0.0,100.0,0.0,100.0
0.0,0.0,100.0,100.0,0.0,100.0,0.0,100.0
0.0,9.1,100.0,100.0,0.0,100.0,0.0,100.0
0.0,0.0,100.0,100.0,0.0,100.0,0.0,100.0
0.0,0.0,100.0,100.0,0.0,100.0,0.0,100.0
0.0,0.0,100.0,100.0,0.0,100.0,0.0,100.0
0.0,0.0,100.0,100.0,0.0,100.0,0.0,100.0
0.0,0.0,100.0,100.0,0.0,100.0,0.0,100.0
0.0,0.0,100.0,100.0,0.0,100.0,0.0,100.0
0.0,0.0,100.0,100.0,0.0,100.0,0.0,100.0
0.0,0.0,100.0,100.0,0.0,100.0,0.0,100.0
0.0,9.1,100.0,100.0,0.0,100.0,0.0,100.0
0.0,0.0,100.0,100.0,0.0,100.0,0.0,100.0
0.0,0.0,100.0,100.0,0.0,100.0,0.0,100.0
0.0,0.0,100.0,100.0,0.0,100.0,0.0,100.0
0.0,0.0,100.0,100.0,0.0,100.0,0.0,100.0
0.0,0.0,100.0,100.0,0.0,100.0,0.0,100.0
0.0,0.0,100.0,100.0,0.0,100.0,0.0,100.0
0.0,0.0,100.0,100.0,0.0,100.0,0.0,100.0
0.0,0.0,100.0,100.0,0.0,100.0,0.0,100.0
0.0,0.0,100.0,100.0,0.0,100.0,0.0,100.0
0.0,0.0,100.0,100.0,0.0,100.0,0.0,100.0
0.0,0.0,100.0,100.0,0.0,100.0,0.0,100.0
0.0,0.0,100.0,100.0,0.0,90.9,0.0,100.0
0.0,0.0,100.0,100.0,0.0,100.0,0.0,100.0
0.0,0.0,100.0,100.0,0.0,100.0,0.0,100.0
0.0,0.0,100.0,100.0,0.0,100.0,0.0,100.0
0.0,0.0,100.0,100.0,0.0,100.0,0.0,100.0
0.0,0.0,100.0,100.0,0.0,100.0,0.0,100.0
0.0,0.0,100.0,100.0,0.0,100.0,0.0,100.0
0.0,0.0,100.0,100.0,0.0,100.0,0.0,100.0
0.0,0.0,100.0,100.0,0.0,100.0,0.0,100.0
0.0,0.0,100.0,100.0,0.0,100.0,0.0,100.0
0.0,0.0,100.0,100.0,0.0,100.0,0.0,100.0
0.0,0.0,100.0,100.0,0.0,100.0,0.0,100.0
0.0,9.1,100.0,100.0,0.0,100.0,0.0,100.0
0.0,0.0,100.0,100.0,0.0,100.0,0.0,100.0
0.0,0.0,100.0,100.0,0.0,100.0,0.0,100.0
0.0,0.0,100.0,100.0,0.0,100.0,0.0,100.0
0.0,9.1,100.0,100.0,0.0,100.0,0.0,100.0
0.0,0.0,100.0,100.0,0.0,100.0,0.0,100.0
0.0,0.0,100.0,100.0,0.0,100.0,0.0,100.0
0.0,0.0,100.0,100.0,0.0,100.0,0.0,100.0
0.0,0.0,100.0,100.0,0.0,100.0,0.0,100.0
0.0,0.0,100.0,100.0,0.0,100.0,0.0,100.0
0.0,0.0,100.0,100.0,0.0,100.0,0.0,100.0
0.0,0.0,100.0,100.0,0.0,100.0,0.0,100.0
0.0,0.0,100.0,100.0,0.0,100.0,0.0,100.0
0.0,0.0,100.0,100.0,0.0,100.0,0.0,100.0
0.0,0.0,100.0,100.0,0.0,100.0,0.0,100.0
0.0,0.0,100.0,100.0,0.0,100.0,0.0,100.0
0.0,0.0,100.0,100.0,0.0,100.0,0.0,100.0
0.0,0.0,100.0,100.0,0.0,100.0,0.0,100.0
0.0,0.0,100.0,100.0,0.0,100.0,0.0,100.0
0.0,0.0,100.0,100.0,0.0,100.0,0.0,100.0
0.0,0.0,100.0,100.0,0.0,100.0,0.0,100.0
0.0,0.0,100.0,100.0,0.0,100.0,0.0,100.0
0.0,0.0,100.0,100.0,0.0,100.0,0.0,100.0
0.0,0.0,100.0,100.0,0.0,100.0,0.0,100.0
0.0,0.0,100.0,100.0,0.0,100.0,0.0,100.0
0.0,0.0,100.0,100.0,0.0,100.0,0.0,100.0
0.0,0.0,100.0,100.0,0.0,100.0,0.0,100.0
0.0,0.0,100.0,100.0,0.0,100.0,0.0,100.0
0.0,0.0,100.0,100.0,0.0,100.0,0.0,100.0
0.0,0.0,100.0,100.0,0.0,100.0,0.0,100.0
0.0,0.0,100.0,100.0,0.0,100.0,0.0,100.0
0.0,0.0,100.0,100.0,0.0,100.0,0.0,100.0
0.0,0.0,100.0,100.0,0.0,100.0,0.0,100.0
9.1,0.0,100.0,100.0,0.0,100.0,0.0,100.0
0.0,0.0,100.0,100.0,0.0,100.0,0.0,100.0
0.0,9.1,60.0,50.0,0.0,55.6,0.0,50.0
0.0,10.0,18.2,0.0,0.0,11.1,0.0,12.5
0.0,10.0,0.0,0.0,0.0,10.0,0.0,10.0
0.0,10.0,54.5,72.7,0.0,60.0,0.0,50.0
0.0,0.0,100.0,100.0,0.0,100.0,0.0,100.0
0.0,0.0,100.0,100.0,0.0,100.0,0.0,100.0
0.0,0.0,100.0,100.0,0.0,100.0,0.0,100.0
0.0,0.0,100.0,100.0,0.0,100.0,0.0,100.0
0.0,0.0,100.0,100.0,0.0,100.0,0.0,100.0
0.0,0.0,100.0,100.0,0.0,100.0,0.0,100.0
0.0,0.0,100.0,100.0,0.0,100.0,0.0,100.0
0.0,0.0,100.0,100.0,0.0,100.0,0.0,100.0
0.0,0.0,100.0,100.0,0.0,100.0,0.0,100.0
0.0,0.0,100.0,100.0,0.0,100.0,0.0,100.0
0.0,0.0,100.0,100.0,0.0,100.0,0.0,100.0
0.0,0.0,100.0,100.0,0.0,100.0,0.0,100.0
0.0,9.1,100.0,100.0,0.0,100.0,0.0,100.0
0.0,0.0,100.0,100.0,0.0,100.0,0.0,100.0
0.0,0.0,100.0,100.0,0.0,100.0,0.0,100.0
0.0,0.0,100.0,100.0,0.0,100.0,0.0,100.0
0.0,0.0,100.0,100.0,0.0,100.0,0.0,100.0
0.0,0.0,100.0,100.0,0.0,100.0,0.0,100.0
0.0,0.0,100.0,100.0,0.0,100.0,0.0,100.0
0.0,0.0,100.0,100.0,0.0,100.0,0.0,100.0
0.0,0.0,100.0,100.0,0.0,100.0,0.0,100.0
0.0,0.0,100.0,100.0,0.0,100.0,0.0,100.0
0.0,0.0,100.0,100.0,0.0,100.0,0.0,100.0
0.0,9.1,100.0,100.0,0.0,100.0,0.0,100.0
0.0,0.0,100.0,100.0,0.0,100.0,0.0,100.0
0.0,0.0,100.0,100.0,0.0,100.0,0.0,100.0
0.0,0.0,100.0,100.0,0.0,100.0,0.0,100.0
0.0,0.0,100.0,100.0,0.0,100.0,0.0,100.0
0.0,0.0,100.0,100.0,0.0,100.0,0.0,100.0
0.0,0.0,100.0,100.0,0.0,100.0,0.0,100.0
0.0,0.0,100.0,100.0,0.0,100.0,0.0,100.0
0.0,0.0,100.0,100.0,0.0,100.0,0.0,100.0
0.0,0.0,100.0,100.0,0.0,100.0,0.0,100.0
0.0,0.0,100.0,100.0,0.0,100.0,0.0,100.0
0.0,0.0,100.0,100.0,0.0,100.0,0.0,100.0
0.0,0.0,100.0,100.0,0.0,100.0,0.0,100.0
0.0,0.0,100.0,100.0,0.0,100.0,0.0,100.0
0.0,0.0,100.0,90.0,0.0,90.9,0.0,90.9
0.0,50.0,50.0,0.0,0.0,55.6,0.0,50.0
0.0,100.0,100.0,0.0,0.0,100.0,0.0,100.0
0.0,100.0,100.0,0.0,0.0,100.0,0.0,100.0
0.0,100.0,100.0,0.0,0.0,100.0,0.0,100.0
0.0,100.0,100.0,0.0,0.0,100.0,0.0,100.0
0.0,100.0,100.0,0.0,0.0,100.0,0.0,100.0
0.0,90.0,20.0,54.5,0.0,100.0,0.0,83.3
0.0,100.0,0.0,100.0,0.0,100.0,9.1,100.0
0.0,90.9,0.0,100.0,0.0,90.9,0.0,90.0
0.0,33.3,20.0,50.0,0.0,36.4,10.0,44.4
0.0,0.0,18.2,10.0,0.0,27.3,0.0,0.0
0.0,30.0,0.0,0.0,0.0,11.1,0.0,22.2
0.0,90.9,30.0,0.0,0.0,90.9,0.0,90.0
0.0,100.0,100.0,0.0,0.0,100.0,0.0,100.0
0.0,100.0,100.0,0.0,0.0,100.0,0.0,100.0
0.0,100.0,100.0,0.0,0.0,100.0,0.0,100.0
0.0,100.0,100.0,0.0,0.0,100.0,0.0,100.0
0.0,100.0,100.0,0.0,0.0,100.0,0.0,100.0
0.0,100.0,100.0,0.0,0.0,100.0,0.0,100.0
9.1,100.0,100.0,0.0,0.0,100.0,0.0,100.0
0.0,100.0,100.0,0.0,0.0,100.0,0.0,100.0
0.0,100.0,100.0,0.0,0.0,100.0,0.0,100.0
0.0,100.0,100.0,0.0,0.0,100.0,0.0,100.0
0.0,100.0,100.0,0.0,0.0,100.0,0.0,100.0
0.0,0.0,100.0,100.0,0.0,100.0,0.0,100.0
0.0,0.0,100.0,100.0,0.0,100.0,0.0,100.0
0.0,0.0,100.0,100.0,0.0,100.0,0.0,100.0
0.0,0.0,100.0,100.0,0.0,100.0,0.0,100.0
0.0,0.0,100.0,100.0,0.0,100.0,0.0,100.0
0.0,0.0,100.0,100.0,0.0,100.0,0.0,100.0
0.0,0.0,100.0,100.0,0.0,100.0,0.0,100.0
0.0,0.0,100.0,100.0,0.0,100.0,0.0,100.0
0.0,0.0,100.0,100.0,0.0,100.0,0.0,100.0
0.0,9.1,100.0,100.0,0.0,100.0,0.0,100.0
0.0,0.0,100.0,100.0,0.0,100.0,0.0,100.0
0.0,0.0,100.0,100.0,0.0,100.0,0.0,100.0
0.0,0.0,100.0,100.0,0.0,100.0,0.0,100.0
0.0,0.0,100.0,100.0,0.0,100.0,0.0,100.0
0.0,0.0,100.0,100.0,0.0,100.0,0.0,100.0
0.0,0.0,100.0,100.0,0.0,100.0,0.0,100.0
0.0,0.0,100.0,100.0,0.0,100.0,0.0,100.0
0.0,0.0,100.0,100.0,0.0,100.0,0.0,100.0
0.0,0.0,100.0,100.0,0.0,100.0,0.0,100.0
0.0,9.1,100.0,100.0,0.0,100.0,0.0,100.0
0.0,0.0,100.0,100.0,0.0,100.0,0.0,100.0
0.0,0.0,100.0,100.0,0.0,100.0,0.0,100.0
0.0,9.1,100.0,100.0,0.0,100.0,0.0,100.0
0.0,0.0,100.0,100.0,0.0,100.0,0.0,100.0
0.0,0.0,100.0,100.0,0.0,100.0,0.0,100.0
0.0,0.0,100.0,100.0,0.0,100.0,0.0,100.0
0.0,0.0,100.0,100.0,0.0,100.0,0.0,100.0
0.0,0.0,100.0,100.0,0.0,100.0,0.0,100.0
0.0,0.0,100.0,100.0,0.0,100.0,0.0,100.0
0.0,0.0,100.0,100.0,0.0,100.0,0.0,100.0
0.0,0.0,100.0,100.0,0.0,100.0,0.0,100.0
0.0,9.1,100.0,100.0,0.0,100.0,0.0,100.0
0.0,0.0,100.0,100.0,0.0,100.0,0.0,100.0
0.0,0.0,100.0,100.0,0.0,100.0,0.0,100.0
0.0,0.0,100.0,100.0,0.0,100.0,0.0,100.0
0.0,0.0,100.0,100.0,0.0,100.0,0.0,100.0
0.0,0.0,100.0,100.0,0.0,100.0,0.0,100.0
0.0,0.0,100.0,100.0,0.0,100.0,0.0,100.0
0.0,0.0,100.0,100.0,0.0,100.0,0.0,100.0
0.0,0.0,100.0,100.0,0.0,100.0,0.0,100.0
0.0,0.0,100.0,100.0,0.0,100.0,0.0,100.0
0.0,0.0,100.0,100.0,0.0,100.0,0.0,100.0
0.0,0.0,100.0,100.0,0.0,100.0,0.0,100.0
0.0,0.0,100.0,100.0,0.0,100.0,0.0,100.0
0.0,0.0,100.0,100.0,0.0,100.0,0.0,100.0
0.0,0.0,100.0,100.0,0.0,100.0,0.0,100.0
0.0,0.0,100.0,100.0,0.0,100.0,0.0,100.0
0.0,0.0,100.0,100.0,0.0,100.0,0.0,100.0
0.0,0.0,100.0,100.0,0.0,100.0,0.0,100.0
0.0,0.0,100.0,100.0,0.0,100.0,0.0,100.0
0.0,0.0,100.0,100.0,0.0,100.0,0.0,100.0
0.0,0.0,100.0,100.0,0.0,100.0,0.0,100.0
0.0,0.0,100.0,100.0,0.0,100.0,0.0,100.0
0.0,0.0,100.0,100.0,0.0,100.0,0.0,100.0
0.0,0.0,100.0,100.0,0.0,100.0,0.0,100.0
0.0,0.0,100.0,100.0,0.0,100.0,0.0,100.0
0.0,0.0,100.0,100.0,0.0,100.0,0.0,100.0
0.0,0.0,100.0,100.0,0.0,100.0,0.0,100.0
0.0,0.0,100.0,100.0,0.0,100.0,0.0,100.0
0.0,0.0,100.0,100.0,0.0,100.0,0.0,100.0
0.0,0.0,100.0,100.0,0.0,100.0,0.0,100.0
0.0,0.0,100.0,100.0,0.0,100.0,0.0,100.0
0.0,0.0,100.0,100.0,0.0,100.0,0.0,100.0
0.0,0.0,100.0,100.0,0.0,100.0,0.0,100.0
0.0,0.0,100.0,100.0,0.0,100.0,0.0,100.0
0.0,0.0,100.0,100.0,0.0,100.0,0.0,100.0
0.0,0.0,100.0,100.0,0.0,100.0,0.0,100.0
0.0,0.0,100.0,100.0,0.0,100.0,0.0,100.0
0.0,0.0,100.0,100.0,0.0,100.0,0.0,100.0
0.0,0.0,100.0,100.0,0.0,100.0,0.0,100.0
0.0,0.0,100.0,100.0,0.0,100.0,0.0,100.0
0.0,0.0,100.0,100.0,0.0,100.0,0.0,100.0
0.0,0.0,100.0,100.0,0.0,100.0,0.0,100.0
0.0,9.1,100.0,100.0,0.0,100.0,0.0,100.0
0.0,0.0,100.0,100.0,0.0,100.0,0.0,100.0
0.0,0.0,100.0,100.0,0.0,100.0,0.0,100.0
0.0,0.0,100.0,100.0,0.0,100.0,0.0,100.0
0.0,0.0,100.0,100.0,0.0,100.0,0.0,100.0
0.0,0.0,100.0,100.0,0.0,100.0,0.0,100.0
0.0,0.0,100.0,100.0,0.0,100.0,0.0,100.0
0.0,0.0,70.0,70.0,0.0,70.0,0.0,70.0
0.0,18.2,10.0,0.0,0.0,18.2,0.0,10.0
0.0,11.1,0.0,10.0,0.0,0.0,0.0,0.0
0.0,0.0,0.0,0.0,0.0,0.0,0.0,0.0
0.0,0.0,0.0,0.0,0.0,0.0,0.0,0.0
0.0,0.0,0.0,9.1,0.0,0.0,0.0,0.0
0.0,0.0,0.0,0.0,0.0,0.0,0.0,0.0
0.0,0.0,0.0,0.0,0.0,0.0,0.0,0.0
0.0,0.0,0.0,0.0,0.0,0.0,0.0,0.0
0.0,0.0,0.0,0.0,0.0,0.0,0.0,0.0
0.0,0.0,0.0,0.0,0.0,0.0,0.0,0.0
9.1,0.0,0.0,0.0,0.0,0.0,0.0,0.0
0.0,0.0,9.1,0.0,0.0,0.0,0.0,0.0
0.0,0.0,0.0,54.5,0.0,0.0,0.0,81.8
0.0,0.0,0.0,100.0,0.0,0.0,0.0,100.0
0.0,0.0,54.5,100.0,0.0,50.0,0.0,100.0
0.0,0.0,100.0,100.0,0.0,100.0,0.0,100.0
0.0,0.0,100.0,100.0,0.0,100.0,0.0,100.0
0.0,0.0,100.0,100.0,0.0,100.0,0.0,100.0
0.0,0.0,100.0,100.0,0.0,100.0,0.0,100.0
0.0,0.0,100.0,100.0,0.0,100.0,0.0,100.0
0.0,0.0,100.0,100.0,0.0,100.0,0.0,100.0
0.0,0.0,100.0,100.0,0.0,100.0,0.0,100.0
0.0,0.0,100.0,100.0,0.0,100.0,0.0,100.0
0.0,0.0,100.0,100.0,0.0,100.0,0.0,100.0
0.0,0.0,100.0,100.0,0.0,100.0,0.0,100.0
0.0,0.0,100.0,100.0,0.0,100.0,0.0,100.0
0.0,0.0,100.0,100.0,0.0,100.0,0.0,100.0
0.0,9.1,100.0,100.0,0.0,100.0,0.0,100.0
0.0,0.0,100.0,100.0,0.0,100.0,0.0,100.0
0.0,0.0,100.0,100.0,0.0,100.0,0.0,100.0
0.0,0.0,100.0,100.0,0.0,100.0,0.0,100.0
0.0,0.0,100.0,100.0,0.0,100.0,0.0,100.0
0.0,0.0,100.0,100.0,0.0,100.0,0.0,100.0
0.0,0.0,100.0,100.0,0.0,100.0,0.0,100.0
0.0,0.0,100.0,100.0,0.0,100.0,0.0,100.0
0.0,0.0,100.0,100.0,0.0,100.0,0.0,100.0
0.0,0.0,100.0,100.0,0.0,100.0,0.0,100.0
0.0,0.0,100.0,100.0,0.0,100.0,0.0,100.0
0.0,0.0,100.0,100.0,0.0,100.0,0.0,100.0
0.0,0.0,100.0,100.0,0.0,100.0,0.0,100.0
0.0,0.0,100.0,100.0,0.0,100.0,0.0,100.0
0.0,0.0,100.0,100.0,0.0,100.0,0.0,100.0
0.0,0.0,100.0,100.0,0.0,100.0,0.0,100.0
0.0,0.0,100.0,100.0,0.0,100.0,0.0,100.0
9.1,0.0,100.0,100.0,0.0,100.0,0.0,100.0
0.0,0.0,100.0,100.0,0.0,100.0,0.0,100.0
0.0,0.0,100.0,100.0,0.0,100.0,0.0,100.0
0.0,0.0,100.0,100.0,0.0,100.0,0.0,100.0
0.0,0.0,100.0,100.0,0.0,100.0,0.0,100.0
0.0,0.0,100.0,100.0,0.0,100.0,0.0,100.0
0.0,9.1,100.0,100.0,0.0,100.0,0.0,100.0
0.0,0.0,100.0,100.0,0.0,100.0,0.0,100.0
0.0,0.0,100.0,100.0,0.0,100.0,0.0,100.0
0.0,0.0,100.0,100.0,0.0,100.0,0.0,100.0
0.0,0.0,100.0,100.0,0.0,100.0,0.0,100.0
0.0,0.0,100.0,100.0,0.0,100.0,0.0,100.0
0.0,0.0,100.0,100.0,0.0,100.0,0.0,100.0
0.0,0.0,100.0,100.0,0.0,100.0,0.0,100.0
0.0,0.0,100.0,100.0,0.0,100.0,0.0,100.0
0.0,0.0,100.0,100.0,0.0,88.9,0.0,100.0
0.0,25.0,70.0,58.3,0.0,10.0,0.0,54.5
0.0,100.0,100.0,100.0,0.0,0.0,0.0,100.0
0.0,100.0,100.0,100.0,0.0,0.0,0.0,100.0
0.0,100.0,100.0,100.0,0.0,0.0,0.0,100.0
0.0,100.0,100.0,100.0,0.0,0.0,0.0,100.0
0.0,100.0,100.0,100.0,0.0,0.0,0.0,100.0
0.0,100.0,100.0,100.0,0.0,0.0,0.0,100.0
0.0,100.0,100.0,100.0,0.0,0.0,0.0,100.0
0.0,100.0,100.0,100.0,0.0,0.0,0.0,100.0
0.0,100.0,100.0,100.0,0.0,0.0,0.0,100.0
0.0,20.0,100.0,100.0,0.0,0.0,80.0,100.0
0.0,0.0,100.0,100.0,0.0,0.0,100.0,100.0
0.0,0.0,100.0,100.0,0.0,0.0,100.0,100.0
0.0,0.0,100.0,100.0,0.0,0.0,100.0,100.0
0.0,0.0,100.0,100.0,0.0,0.0,100.0,100.0
0.0,0.0,100.0,100.0,0.0,0.0,100.0,100.0
0.0,0.0,100.0,100.0,0.0,0.0,100.0,100.0
0.0,0.0,100.0,100.0,0.0,0.0,100.0,100.0
0.0,0.0,100.0,100.0,0.0,0.0,100.0,100.0
0.0,0.0,100.0,100.0,0.0,0.0,100.0,100.0
0.0,0.0,100.0,100.0,0.0,0.0,100.0,100.0
0.0,0.0,60.0,54.5,0.0,0.0,80.0,54.5
0.0,20.0,27.3,0.0,0.0,0.0,100.0,0.0
0.0,100.0,100.0,77.8,0.0,0.0,100.0,0.0
0.0,100.0,100.0,100.0,0.0,0.0,100.0,0.0
0.0,100.0,100.0,100.0,0.0,0.0,100.0,0.0
0.0,80.0,80.0,90.0,0.0,0.0,81.8,0.0
0.0,45.5,30.0,60.0,0.0,0.0,80.0,27.3
0.0,36.4,0.0,0.0,0.0,10.0,11.1,11.1
0.0,0.0,9.1,0.0,0.0,0.0,0.0,0.0
0.0,0.0,0.0,9.1,0.0,9.1,0.0,0.0
0.0,0.0,0.0,10.0,0.0,10.0,0.0,0.0
0.0,0.0,0.0,0.0,0.0,0.0,0.0,0.0
0.0,0.0,0.0,0.0,0.0,0.0,0.0,0.0
0.0,0.0,0.0,0.0,0.0,0.0,0.0,0.0
0.0,0.0,0.0,0.0,0.0,0.0,0.0,9.1
0.0,0.0,0.0,0.0,0.0,9.1,0.0,0.0
0.0,0.0,0.0,0.0,0.0,0.0,0.0,0.0
0.0,0.0,0.0,0.0,0.0,0.0,0.0,0.0
0.0,0.0,0.0,0.0,0.0,0.0,0.0,0.0
0.0,0.0,10.0,0.0,0.0,10.0,0.0,80.0
0.0,12.5,0.0,0.0,0.0,10.0,46.2,50.0
0.0,90.9,0.0,0.0,0.0,100.0,90.0,100.0
0.0,0.0,100.0,0.0,0.0,100.0,100.0,100.0
0.0,0.0,100.0,0.0,0.0,100.0,100.0,100.0
0.0,0.0,100.0,0.0,0.0,100.0,100.0,100.0
0.0,0.0,100.0,0.0,0.0,100.0,100.0,100.0
0.0,0.0,100.0,0.0,0.0,100.0,100.0,100.0
0.0,0.0,100.0,0.0,0.0,100.0,100.0,100.0
9.1,0.0,100.0,0.0,0.0,100.0,100.0,100.0
0.0,9.1,100.0,0.0,0.0,100.0,100.0,100.0
0.0,0.0,100.0,0.0,0.0,100.0,100.0,100.0
0.0,0.0,100.0,0.0,0.0,100.0,100.0,100.0
0.0,0.0,100.0,0.0,0.0,100.0,100.0,100.0
0.0,0.0,100.0,0.0,0.0,100.0,100.0,100.0
0.0,0.0,100.0,0.0,0.0,100.0,100.0,100.0
0.0,0.0,100.0,0.0,0.0,100.0,100.0,100.0
0.0,0.0,100.0,0.0,0.0,100.0,100.0,100.0
0.0,0.0,100.0,0.0,0.0,100.0,100.0,100.0
0.0,0.0,100.0,0.0,0.0,100.0,100.0,100.0
0.0,0.0,100.0,0.0,0.0,100.0,100.0,100.0
0.0,0.0,100.0,0.0,0.0,100.0,100.0,100.0
0.0,0.0,100.0,0.0,0.0,100.0,100.0,100.0
0.0,0.0,100.0,0.0,0.0,100.0,100.0,100.0
0.0,0.0,100.0,0.0,0.0,100.0,100.0,100.0
0.0,0.0,100.0,0.0,0.0,100.0,100.0,100.0
0.0,0.0,100.0,0.0,0.0,100.0,100.0,100.0
0.0,0.0,100.0,0.0,0.0,100.0,100.0,100.0
0.0,0.0,100.0,0.0,0.0,100.0,100.0,100.0
0.0,0.0,100.0,0.0,0.0,100.0,100.0,100.0
0.0,0.0,100.0,0.0,0.0,100.0,100.0,100.0
0.0,0.0,100.0,0.0,0.0,100.0,100.0,100.0
0.0,0.0,100.0,0.0,0.0,100.0,100.0,100.0
0.0,0.0,100.0,0.0,0.0,100.0,100.0,100.0
0.0,0.0,100.0,0.0,0.0,100.0,100.0,100.0
0.0,0.0,100.0,0.0,0.0,100.0,100.0,100.0
0.0,0.0,100.0,0.0,0.0,100.0,100.0,100.0
0.0,0.0,100.0,0.0,0.0,100.0,100.0,100.0
0.0,0.0,100.0,0.0,0.0,100.0,100.0,100.0
0.0,0.0,100.0,0.0,0.0,100.0,100.0,100.0
0.0,0.0,100.0,0.0,0.0,100.0,100.0,100.0
0.0,0.0,100.0,0.0,0.0,100.0,100.0,100.0
0.0,0.0,100.0,0.0,0.0,100.0,100.0,100.0
0.0,0.0,100.0,0.0,0.0,100.0,100.0,100.0
0.0,0.0,100.0,0.0,0.0,100.0,100.0,100.0
0.0,0.0,100.0,0.0,0.0,100.0,100.0,100.0
0.0,0.0,100.0,0.0,0.0,100.0,100.0,100.0
0.0,0.0,100.0,0.0,0.0,100.0,100.0,100.0
0.0,0.0,100.0,0.0,0.0,100.0,100.0,100.0
0.0,0.0,100.0,0.0,0.0,100.0,100.0,100.0
0.0,0.0,100.0,0.0,0.0,100.0,100.0,100.0
0.0,0.0,100.0,0.0,0.0,100.0,100.0,100.0
0.0,9.1,100.0,0.0,0.0,100.0,100.0,100.0
0.0,0.0,100.0,0.0,0.0,100.0,100.0,100.0
0.0,0.0,100.0,0.0,0.0,100.0,100.0,100.0
0.0,0.0,100.0,0.0,0.0,100.0,100.0,100.0
0.0,0.0,100.0,0.0,0.0,100.0,100.0,100.0
0.0,0.0,100.0,0.0,0.0,100.0,100.0,100.0
0.0,0.0,100.0,0.0,0.0,100.0,100.0,100.0
0.0,0.0,100.0,0.0,0.0,100.0,100.0,100.0
0.0,0.0,100.0,0.0,0.0,100.0,100.0,100.0
0.0,0.0,100.0,0.0,0.0,100.0,100.0,100.0
0.0,0.0,100.0,0.0,0.0,100.0,100.0,100.0
0.0,0.0,100.0,0.0,0.0,100.0,100.0,100.0
0.0,0.0,100.0,0.0,0.0,100.0,100.0,100.0
0.0,0.0,100.0,0.0,0.0,100.0,100.0,100.0
0.0,0.0,100.0,0.0,0.0,100.0,100.0,100.0
0.0,0.0,100.0,0.0,0.0,100.0,100.0,100.0
0.0,0.0,100.0,0.0,0.0,100.0,100.0,100.0
0.0,0.0,100.0,0.0,0.0,100.0,100.0,100.0
0.0,0.0,100.0,0.0,0.0,100.0,100.0,100.0
0.0,0.0,100.0,0.0,0.0,100.0,100.0,100.0
0.0,0.0,100.0,0.0,0.0,100.0,100.0,100.0
0.0,0.0,100.0,0.0,9.1,100.0,100.0,100.0
0.0,0.0,100.0,0.0,0.0,100.0,100.0,100.0
0.0,0.0,100.0,0.0,0.0,100.0,100.0,100.0
0.0,0.0,100.0,0.0,0.0,100.0,100.0,100.0
0.0,9.1,100.0,0.0,0.0,100.0,100.0,100.0
0.0,0.0,100.0,0.0,0.0,100.0,100.0,100.0
0.0,0.0,100.0,0.0,0.0,100.0,100.0,100.0
0.0,0.0,100.0,0.0,0.0,100.0,100.0,100.0
0.0,0.0,100.0,0.0,0.0,100.0,100.0,100.0
0.0,0.0,100.0,0.0,0.0,100.0,100.0,100.0
0.0,0.0,100.0,0.0,0.0,100.0,100.0,100.0
0.0,0.0,100.0,0.0,0.0,100.0,100.0,100.0
0.0,0.0,100.0,0.0,0.0,100.0,100.0,100.0
0.0,0.0,100.0,0.0,0.0,100.0,100.0,100.0
0.0,0.0,100.0,0.0,0.0,100.0,100.0,100.0
0.0,0.0,100.0,0.0,0.0,100.0,100.0,100.0
0.0,0.0,100.0,0.0,0.0,100.0,100.0,100.0
0.0,0.0,100.0,0.0,0.0,100.0,100.0,100.0
0.0,0.0,100.0,0.0,0.0,100.0,100.0,100.0
0.0,0.0,100.0,0.0,0.0,100.0,100.0,100.0
0.0,0.0,100.0,0.0,0.0,100.0,100.0,100.0
0.0,0.0,100.0,0.0,0.0,100.0,100.0,100.0
0.0,0.0,100.0,0.0,0.0,100.0,100.0,100.0
0.0,0.0,100.0,0.0,0.0,100.0,100.0,100.0
0.0,0.0,100.0,0.0,0.0,100.0,100.0,100.0
0.0,0.0,100.0,0.0,0.0,100.0,100.0,100.0
0.0,0.0,100.0,0.0,0.0,100.0,100.0,100.0
0.0,0.0,100.0,0.0,0.0,100.0,100.0,100.0
0.0,0.0,100.0,0.0,0.0,100.0,100.0,100.0
0.0,0.0,100.0,0.0,0.0,100.0,100.0,100.0
9.1,0.0,100.0,0.0,0.0,100.0,100.0,100.0
0.0,0.0,100.0,0.0,0.0,100.0,100.0,100.0
0.0,0.0,100.0,0.0,0.0,100.0,100.0,100.0
0.0,0.0,100.0,0.0,0.0,100.0,100.0,100.0
0.0,0.0,100.0,0.0,0.0,100.0,100.0,100.0
0.0,0.0,100.0,0.0,0.0,100.0,100.0,100.0
0.0,0.0,100.0,0.0,0.0,100.0,100.0,100.0
0.0,0.0,100.0,0.0,0.0,100.0,100.0,100.0
0.0,9.1,18.2,10.0,0.0,11.1,10.0,10.0
0.0,0.0,0.0,0.0,0.0,18.2,11.1,0.0
0.0,0.0,0.0,9.1,0.0,9.1,0.0,0.0
0.0,0.0,0.0,0.0,0.0,0.0,9.1,10.0
0.0,0.0,0.0,0.0,0.0,0.0,0.0,0.0
0.0,0.0,0.0,0.0,0.0,0.0,0.0,0.0
0.0,0.0,0.0,0.0,0.0,9.1,0.0,0.0
0.0,0.0,0.0,0.0,0.0,0.0,0.0,0.0
0.0,0.0,0.0,0.0,0.0,0.0,0.0,0.0
0.0,0.0,0.0,0.0,0.0,0.0,0.0,0.0
0.0,0.0,0.0,0.0,0.0,0.0,0.0,0.0
0.0,0.0,0.0,0.0,0.0,0.0,0.0,0.0
0.0,0.0,0.0,0.0,0.0,0.0,0.0,0.0
0.0,0.0,0.0,0.0,0.0,0.0,0.0,0.0
0.0,0.0,0.0,0.0,0.0,0.0,0.0,0.0
0.0,0.0,0.0,0.0,0.0,0.0,0.0,0.0
0.0,0.0,0.0,0.0,0.0,11.1,50.0,0.0
0.0,54.5,0.0,0.0,0.0,100.0,100.0,0.0
0.0,100.0,0.0,0.0,0.0,100.0,100.0,90.9
0.0,100.0,0.0,0.0,0.0,100.0,100.0,100.0
0.0,100.0,0.0,0.0,0.0,100.0,100.0,100.0
0.0,100.0,0.0,0.0,0.0,100.0,100.0,100.0
0.0,100.0,0.0,0.0,0.0,100.0,100.0,100.0
0.0,100.0,0.0,0.0,0.0,100.0,100.0,100.0
0.0,100.0,0.0,0.0,0.0,100.0,100.0,100.0
0.0,100.0,0.0,0.0,0.0,100.0,100.0,100.0
0.0,100.0,0.0,0.0,0.0,100.0,100.0,100.0
0.0,100.0,0.0,0.0,0.0,100.0,100.0,100.0
0.0,100.0,0.0,0.0,0.0,100.0,100.0,100.0
0.0,100.0,0.0,0.0,0.0,100.0,100.0,100.0
0.0,100.0,0.0,0.0,0.0,100.0,100.0,100.0
0.0,100.0,0.0,0.0,0.0,100.0,100.0,100.0
0.0,100.0,0.0,0.0,0.0,100.0,100.0,100.0
0.0,100.0,0.0,0.0,0.0,100.0,100.0,100.0
0.0,100.0,0.0,0.0,0.0,100.0,100.0,100.0
0.0,100.0,0.0,0.0,0.0,100.0,100.0,100.0
0.0,100.0,0.0,0.0,0.0,100.0,100.0,100.0
0.0,100.0,0.0,0.0,0.0,100.0,100.0,100.0
0.0,100.0,0.0,0.0,0.0,100.0,100.0,100.0
0.0,100.0,0.0,0.0,0.0,100.0,100.0,100.0
0.0,100.0,0.0,0.0,0.0,100.0,100.0,100.0
0.0,100.0,0.0,0.0,0.0,100.0,100.0,100.0
0.0,100.0,0.0,0.0,0.0,100.0,100.0,100.0
0.0,100.0,0.0,0.0,0.0,100.0,100.0,100.0
0.0,100.0,0.0,0.0,0.0,100.0,100.0,100.0
0.0,100.0,0.0,0.0,0.0,100.0,100.0,100.0
0.0,100.0,0.0,0.0,0.0,100.0,100.0,100.0
0.0,100.0,0.0,0.0,0.0,100.0,100.0,100.0
0.0,100.0,0.0,0.0,0.0,100.0,100.0,100.0
0.0,100.0,0.0,0.0,0.0,100.0,100.0,100.0
0.0,100.0,0.0,0.0,0.0,100.0,100.0,100.0
0.0,100.0,0.0,0.0,0.0,100.0,100.0,100.0
0.0,100.0,0.0,0.0,0.0,100.0,100.0,100.0
0.0,100.0,0.0,0.0,0.0,100.0,100.0,100.0
0.0,100.0,0.0,0.0,0.0,100.0,100.0,100.0
0.0,100.0,0.0,0.0,0.0,100.0,100.0,100.0
0.0,100.0,0.0,0.0,0.0,100.0,100.0,100.0
0.0,37.5,0.0,45.5,0.0,0.0,44.4,22.2
0.0,100.0,0.0,100.0,0.0,0.0,100.0,100.0
0.0,100.0,0.0,100.0,0.0,0.0,100.0,100.0
0.0,100.0,0.0,100.0,0.0,0.0,100.0,100.0
0.0,100.0,0.0,100.0,0.0,0.0,100.0,100.0
0.0,100.0,0.0,100.0,0.0,0.0,100.0,100.0
0.0,100.0,0.0,100.0,0.0,0.0,100.0,100.0
0.0,100.0,0.0,100.0,0.0,0.0,100.0,100.0
0.0,100.0,0.0,100.0,0.0,0.0,100.0,100.0
0.0,100.0,0.0,100.0,0.0,0.0,100.0,100.0
0.0,100.0,0.0,100.0,0.0,0.0,100.0,100.0
0.0,100.0,0.0,100.0,0.0,0.0,100.0,100.0
0.0,100.0,0.0,100.0,0.0,0.0,100.0,100.0
0.0,100.0,0.0,100.0,0.0,0.0,100.0,100.0
0.0,100.0,0.0,100.0,0.0,0.0,100.0,100.0
0.0,100.0,0.0,100.0,0.0,0.0,100.0,100.0
0.0,100.0,0.0,100.0,0.0,0.0,100.0,100.0
0.0,100.0,0.0,100.0,0.0,0.0,100.0,100.0
0.0,100.0,0.0,100.0,0.0,0.0,100.0,100.0
0.0,100.0,0.0,100.0,0.0,0.0,100.0,100.0
0.0,100.0,9.1,100.0,0.0,9.1,100.0,100.0
0.0,100.0,0.0,100.0,0.0,0.0,100.0,100.0
0.0,100.0,0.0,100.0,0.0,0.0,100.0,100.0
0.0,0.0,0.0,100.0,100.0,0.0,100.0,100.0
0.0,0.0,0.0,11.1,18.2,0.0,90.0,80.0
0.0,90.0,0.0,64.3,0.0,0.0,100.0,100.0
0.0,100.0,0.0,100.0,0.0,0.0,90.9,100.0
0.0,100.0,0.0,100.0,0.0,0.0,100.0,100.0
0.0,81.8,0.0,80.0,0.0,0.0,90.0,81.8
0.0,45.5,0.0,45.5,0.0,0.0,0.0,0.0
0.0,0.0,0.0,11.1,0.0,0.0,60.0,40.0
0.0,0.0,0.0,10.0,0.0,0.0,10.0,20.0
0.0,0.0,9.1,0.0,0.0,0.0,9.1,0.0
0.0,0.0,0.0,0.0,10.0,9.1,0.0,0.0
0.0,0.0,0.0,0.0,0.0,0.0,0.0,0.0
0.0,0.0,0.0,0.0,0.0,9.1,0.0,0.0
0.0,0.0,0.0,0.0,0.0,9.1,0.0,0.0
0.0,0.0,0.0,0.0,0.0,0.0,0.0,0.0
0.0,9.1,0.0,0.0,0.0,0.0,0.0,0.0
0.0,0.0,0.0,0.0,0.0,0.0,0.0,0.0
0.0,0.0,0.0,0.0,0.0,9.1,0.0,0.0
0.0,0.0,0.0,0.0,0.0,0.0,0.0,0.0
0.0,0.0,0.0,0.0,0.0,0.0,0.0,0.0
0.0,0.0,0.0,0.0,0.0,0.0,0.0,0.0
0.0,0.0,0.0,0.0,0.0,0.0,0.0,0.0
0.0,0.0,0.0,0.0,0.0,0.0,0.0,0.0
0.0,0.0,0.0,0.0,0.0,0.0,0.0,0.0
0.0,0.0,0.0,0.0,0.0,0.0,0.0,0.0
0.0,0.0,0.0,0.0,0.0,0.0,0.0,0.0
0.0,0.0,0.0,0.0,0.0,0.0,0.0,0.0
0.0,54.5,0.0,0.0,9.1,0.0,0.0,0.0
0.0,100.0,0.0,0.0,11.1,0.0,0.0,0.0
0.0,100.0,0.0,0.0,100.0,0.0,0.0,0.0
0.0,100.0,9.1,0.0,100.0,0.0,9.1,0.0
0.0,100.0,0.0,0.0,100.0,0.0,0.0,0.0
0.0,100.0,0.0,0.0,100.0,0.0,0.0,0.0
0.0,100.0,0.0,44.4,100.0,10.0,0.0,0.0
0.0,100.0,0.0,100.0,100.0,0.0,0.0,100.0
0.0,100.0,0.0,100.0,100.0,0.0,0.0,100.0
0.0,100.0,0.0,100.0,100.0,0.0,0.0,100.0
0.0,100.0,0.0,100.0,100.0,0.0,0.0,100.0
0.0,100.0,0.0,100.0,100.0,0.0,0.0,100.0
0.0,100.0,0.0,66.7,90.9,0.0,0.0,70.0
0.0,100.0,0.0,60.0,0.0,0.0,90.0,0.0
0.0,100.0,0.0,100.0,0.0,0.0,100.0,80.0
0.0,100.0,0.0,100.0,0.0,0.0,100.0,100.0
0.0,100.0,0.0,100.0,0.0,0.0,100.0,100.0
0.0,100.0,0.0,100.0,0.0,0.0,100.0,100.0
0.0,100.0,0.0,100.0,0.0,0.0,100.0,100.0
0.0,100.0,0.0,100.0,0.0,0.0,100.0,100.0
0.0,100.0,0.0,100.0,0.0,0.0,100.0,100.0
0.0,100.0,0.0,100.0,0.0,0.0,100.0,100.0
0.0,100.0,0.0,100.0,0.0,0.0,100.0,100.0
0.0,100.0,0.0,100.0,0.0,0.0,100.0,100.0
0.0,100.0,0.0,100.0,0.0,0.0,100.0,100.0
0.0,100.0,0.0,100.0,0.0,0.0,100.0,100.0
0.0,100.0,0.0,100.0,0.0,0.0,100.0,100.0
0.0,100.0,0.0,100.0,0.0,0.0,100.0,100.0
0.0,100.0,0.0,100.0,0.0,0.0,100.0,100.0
0.0,100.0,0.0,100.0,0.0,0.0,100.0,100.0
0.0,100.0,0.0,100.0,0.0,0.0,100.0,100.0
0.0,100.0,0.0,100.0,0.0,0.0,100.0,100.0
0.0,100.0,0.0,100.0,0.0,0.0,100.0,100.0
0.0,100.0,0.0,100.0,0.0,0.0,100.0,100.0
0.0,100.0,0.0,100.0,0.0,0.0,100.0,100.0
0.0,100.0,0.0,100.0,0.0,0.0,100.0,100.0
0.0,100.0,0.0,33.3,60.0,0.0,100.0,100.0
0.0,40.0,0.0,18.2,45.5,0.0,40.0,45.5
0.0,0.0,0.0,0.0,0.0,9.1,0.0,0.0
0.0,0.0,0.0,0.0,0.0,0.0,0.0,0.0
0.0,0.0,0.0,0.0,0.0,0.0,0.0,0.0
0.0,0.0,0.0,0.0,0.0,0.0,0.0,0.0
0.0,0.0,0.0,0.0,0.0,0.0,0.0,0.0
0.0,0.0,0.0,0.0,0.0,0.0,0.0,0.0
0.0,0.0,0.0,0.0,0.0,0.0,0.0,0.0
0.0,0.0,0.0,0.0,0.0,0.0,0.0,0.0
0.0,0.0,0.0,0.0,0.0,0.0,0.0,0.0
0.0,0.0,0.0,0.0,0.0,0.0,0.0,0.0
0.0,0.0,0.0,0.0,0.0,0.0,0.0,0.0
0.0,0.0,0.0,0.0,0.0,0.0,0.0,0.0
0.0,0.0,0.0,0.0,0.0,0.0,0.0,0.0
0.0,0.0,0.0,0.0,0.0,0.0,0.0,0.0
0.0,0.0,0.0,0.0,0.0,0.0,0.0,0.0
0.0,0.0,0.0,0.0,0.0,0.0,0.0,0.0
0.0,0.0,0.0,0.0,0.0,0.0,0.0,0.0
0.0,0.0,0.0,0.0,0.0,0.0,0.0,0.0
0.0,0.0,0.0,0.0,0.0,0.0,0.0,0.0
0.0,0.0,0.0,0.0,0.0,0.0,0.0,0.0
0.0,0.0,0.0,0.0,0.0,0.0,0.0,0.0
0.0,0.0,0.0,0.0,0.0,0.0,0.0,0.0
0.0,0.0,0.0,0.0,0.0,0.0,0.0,0.0
0.0,0.0,0.0,0.0,0.0,0.0,0.0,0.0
0.0,9.1,0.0,0.0,0.0,0.0,0.0,0.0
0.0,0.0,0.0,0.0,0.0,0.0,0.0,0.0
0.0,0.0,0.0,0.0,0.0,0.0,0.0,0.0
0.0,0.0,0.0,0.0,0.0,0.0,0.0,0.0
0.0,0.0,0.0,0.0,0.0,0.0,0.0,0.0
0.0,0.0,0.0,0.0,0.0,0.0,0.0,0.0
0.0,0.0,0.0,0.0,0.0,0.0,0.0,0.0
0.0,0.0,0.0,0.0,0.0,0.0,0.0,0.0
0.0,0.0,0.0,0.0,0.0,0.0,0.0,0.0
0.0,0.0,0.0,0.0,0.0,0.0,0.0,0.0
0.0,0.0,0.0,0.0,0.0,0.0,0.0,0.0
0.0,0.0,0.0,0.0,0.0,0.0,0.0,0.0
0.0,0.0,0.0,0.0,0.0,0.0,0.0,0.0
0.0,0.0,0.0,0.0,0.0,0.0,0.0,0.0
0.0,0.0,0.0,0.0,0.0,0.0,0.0,0.0
0.0,0.0,0.0,0.0,0.0,0.0,0.0,0.0
0.0,0.0,0.0,0.0,0.0,0.0,0.0,0.0
0.0,0.0,0.0,0.0,0.0,0.0,0.0,0.0
0.0,0.0,0.0,0.0,0.0,0.0,0.0,0.0
0.0,0.0,0.0,0.0,0.0,0.0,0.0,0.0
0.0,0.0,0.0,0.0,0.0,0.0,0.0,0.0
0.0,0.0,0.0,0.0,0.0,0.0,0.0,0.0
0.0,0.0,0.0,0.0,0.0,0.0,0.0,0.0
0.0,0.0,0.0,0.0,0.0,0.0,0.0,0.0
0.0,0.0,0.0,0.0,0.0,0.0,0.0,0.0
0.0,0.0,0.0,0.0,0.0,0.0,0.0,0.0
0.0,0.0,0.0,0.0,0.0,0.0,0.0,0.0
0.0,0.0,0.0,0.0,0.0,0.0,0.0,0.0
0.0,0.0,0.0,0.0,0.0,0.0,0.0,0.0
0.0,0.0,0.0,0.0,0.0,0.0,0.0,0.0
0.0,0.0,0.0,0.0,0.0,0.0,0.0,0.0
0.0,0.0,0.0,0.0,0.0,0.0,0.0,0.0
0.0,0.0,0.0,0.0,0.0,0.0,0.0,0.0
0.0,0.0,0.0,0.0,0.0,0.0,0.0,0.0
0.0,0.0,0.0,0.0,0.0,0.0,0.0,0.0
0.0,0.0,0.0,0.0,0.0,0.0,0.0,0.0
0.0,0.0,0.0,0.0,0.0,0.0,0.0,0.0
0.0,0.0,0.0,0.0,0.0,0.0,0.0,0.0
0.0,0.0,0.0,0.0,0.0,0.0,0.0,0.0
0.0,0.0,0.0,0.0,0.0,0.0,0.0,0.0
0.0,0.0,0.0,0.0,0.0,0.0,0.0,0.0
0.0,0.0,0.0,0.0,0.0,0.0,0.0,0.0
0.0,0.0,0.0,0.0,0.0,0.0,0.0,0.0
0.0,9.1,0.0,0.0,0.0,0.0,0.0,0.0
0.0,0.0,0.0,0.0,0.0,0.0,0.0,0.0
0.0,0.0,0.0,0.0,0.0,0.0,0.0,0.0
0.0,0.0,0.0,0.0,0.0,0.0,0.0,0.0
0.0,0.0,0.0,0.0,0.0,0.0,0.0,0.0
0.0,0.0,0.0,0.0,0.0,0.0,0.0,0.0
0.0,0.0,0.0,0.0,0.0,0.0,0.0,0.0
0.0,0.0,0.0,0.0,0.0,0.0,0.0,0.0
0.0,0.0,0.0,0.0,0.0,0.0,0.0,0.0
0.0,0.0,0.0,0.0,0.0,0.0,0.0,0.0
0.0,0.0,0.0,0.0,0.0,0.0,0.0,0.0
0.0,0.0,0.0,0.0,0.0,0.0,0.0,0.0
0.0,0.0,0.0,0.0,0.0,0.0,0.0,0.0
0.0,0.0,0.0,0.0,0.0,0.0,0.0,0.0
0.0,0.0,0.0,0.0,0.0,0.0,0.0,0.0
0.0,0.0,0.0,0.0,0.0,0.0,0.0,0.0
0.0,0.0,0.0,0.0,0.0,0.0,0.0,0.0
0.0,0.0,0.0,0.0,0.0,0.0,0.0,0.0
0.0,0.0,0.0,0.0,0.0,0.0,0.0,0.0
0.0,0.0,0.0,0.0,0.0,0.0,0.0,0.0
0.0,0.0,0.0,0.0,0.0,0.0,0.0,0.0
0.0,0.0,0.0,0.0,0.0,0.0,0.0,0.0
0.0,0.0,0.0,0.0,0.0,0.0,0.0,0.0
0.0,0.0,0.0,0.0,0.0,0.0,0.0,0.0
0.0,0.0,0.0,0.0,0.0,0.0,0.0,0.0
0.0,0.0,0.0,0.0,0.0,0.0,0.0,0.0
0.0,0.0,0.0,0.0,0.0,0.0,0.0,0.0
0.0,0.0,0.0,0.0,0.0,0.0,0.0,0.0
0.0,0.0,0.0,0.0,0.0,0.0,0.0,0.0
0.0,0.0,0.0,0.0,0.0,0.0,0.0,0.0
0.0,0.0,0.0,0.0,0.0,0.0,0.0,0.0
0.0,0.0,0.0,0.0,0.0,0.0,0.0,0.0
0.0,0.0,0.0,0.0,0.0,0.0,0.0,0.0
0.0,9.1,0.0,0.0,0.0,0.0,0.0,0.0
0.0,0.0,0.0,0.0,0.0,0.0,0.0,0.0
0.0,0.0,0.0,0.0,0.0,0.0,0.0,0.0
0.0,0.0,0.0,0.0,0.0,0.0,0.0,0.0
0.0,0.0,0.0,0.0,0.0,0.0,0.0,0.0
0.0,0.0,0.0,0.0,0.0,0.0,0.0,0.0
0.0,0.0,0.0,0.0,0.0,0.0,0.0,0.0
0.0,0.0,0.0,0.0,0.0,0.0,0.0,0.0
0.0,0.0,0.0,0.0,0.0,0.0,0.0,0.0
0.0,0.0,0.0,0.0,0.0,0.0,0.0,0.0
0.0,0.0,0.0,0.0,0.0,0.0,0.0,0.0
0.0,0.0,0.0,0.0,0.0,0.0,0.0,0.0
0.0,0.0,0.0,0.0,0.0,0.0,0.0,0.0
0.0,0.0,0.0,0.0,0.0,0.0,0.0,0.0
0.0,0.0,0.0,0.0,0.0,0.0,0.0,0.0
0.0,0.0,0.0,0.0,0.0,0.0,0.0,0.0
0.0,0.0,0.0,0.0,0.0,0.0,0.0,0.0
0.0,0.0,0.0,0.0,0.0,0.0,0.0,0.0
0.0,0.0,0.0,0.0,0.0,0.0,0.0,0.0
0.0,0.0,0.0,0.0,0.0,0.0,0.0,0.0
0.0,0.0,0.0,0.0,0.0,0.0,0.0,0.0
0.0,0.0,0.0,0.0,0.0,0.0,0.0,0.0
0.0,0.0,0.0,0.0,0.0,0.0,0.0,0.0
0.0,0.0,0.0,0.0,0.0,0.0,0.0,0.0
0.0,0.0,0.0,0.0,0.0,0.0,0.0,0.0
0.0,0.0,0.0,0.0,0.0,0.0,0.0,0.0
0.0,0.0,0.0,0.0,0.0,0.0,0.0,0.0
0.0,0.0,0.0,0.0,0.0,0.0,0.0,0.0
0.0,0.0,0.0,0.0,0.0,0.0,0.0,0.0
0.0,0.0,0.0,0.0,0.0,0.0,0.0,0.0
0.0,0.0,0.0,0.0,0.0,0.0,0.0,0.0
0.0,0.0,0.0,0.0,0.0,0.0,0.0,0.0
0.0,0.0,0.0,0.0,0.0,0.0,0.0,0.0
0.0,0.0,0.0,0.0,0.0,0.0,0.0,0.0
0.0,0.0,0.0,0.0,0.0,0.0,0.0,0.0
0.0,0.0,0.0,0.0,0.0,0.0,0.0,0.0
0.0,0.0,0.0,0.0,0.0,0.0,0.0,0.0
0.0,0.0,0.0,0.0,0.0,0.0,0.0,0.0
0.0,0.0,0.0,0.0,0.0,0.0,0.0,0.0
0.0,0.0,0.0,0.0,0.0,0.0,0.0,0.0
0.0,0.0,0.0,0.0,0.0,0.0,0.0,0.0
0.0,0.0,0.0,0.0,0.0,0.0,0.0,0.0
0.0,0.0,0.0,0.0,0.0,0.0,0.0,0.0
0.0,0.0,0.0,0.0,0.0,0.0,0.0,0.0
0.0,0.0,0.0,0.0,0.0,0.0,0.0,0.0
0.0,0.0,0.0,0.0,0.0,0.0,0.0,0.0
0.0,0.0,0.0,0.0,0.0,0.0,0.0,0.0
0.0,0.0,0.0,0.0,0.0,0.0,0.0,0.0
0.0,0.0,0.0,0.0,0.0,0.0,0.0,0.0
0.0,0.0,0.0,0.0,0.0,0.0,0.0,0.0
0.0,0.0,0.0,0.0,0.0,0.0,0.0,0.0
0.0,0.0,0.0,0.0,0.0,0.0,0.0,0.0
0.0,0.0,0.0,0.0,0.0,0.0,0.0,0.0
0.0,0.0,0.0,0.0,0.0,0.0,0.0,0.0
0.0,0.0,0.0,0.0,0.0,0.0,0.0,0.0
0.0,0.0,0.0,0.0,0.0,0.0,0.0,0.0
0.0,0.0,0.0,0.0,0.0,0.0,0.0,0.0
0.0,0.0,0.0,0.0,0.0,0.0,0.0,0.0
0.0,0.0,0.0,0.0,0.0,0.0,0.0,0.0
0.0,0.0,0.0,0.0,0.0,0.0,0.0,0.0
0.0,0.0,0.0,0.0,0.0,0.0,0.0,0.0
0.0,0.0,0.0,0.0,0.0,0.0,0.0,0.0
0.0,0.0,0.0,0.0,0.0,0.0,0.0,0.0
0.0,0.0,0.0,0.0,0.0,0.0,0.0,0.0
0.0,0.0,0.0,0.0,0.0,0.0,0.0,0.0
0.0,0.0,0.0,0.0,0.0,0.0,0.0,0.0
0.0,0.0,0.0,0.0,0.0,0.0,0.0,0.0
0.0,0.0,0.0,0.0,0.0,0.0,0.0,0.0
0.0,0.0,0.0,0.0,0.0,0.0,0.0,0.0
0.0,0.0,0.0,0.0,0.0,0.0,0.0,0.0
0.0,0.0,0.0,0.0,0.0,0.0,0.0,0.0
