10.0,10.0,10.0,10.0,45.5,18.2,18.2,11.1
0.0,30.0,0.0,22.2,20.0,20.0,0.0,36.4
0.0,0.0,0.0,18.2,0.0,0.0,0.0,20.0
0.0,77.8,9.1,77.8,0.0,88.9,0.0,80.0
0.0,100.0,0.0,100.0,0.0,100.0,0.0,100.0
0.0,100.0,0.0,100.0,0.0,100.0,0.0,100.0
0.0,100.0,0.0,100.0,0.0,100.0,0.0,100.0
0.0,100.0,0.0,100.0,0.0,100.0,0.0,100.0
0.0,100.0,0.0,90.0,0.0,90.9,0.0,91.7
0.0,100.0,0.0,100.0,0.0,100.0,0.0,100.0
0.0,90.9,0.0,100.0,0.0,100.0,0.0,100.0
0.0,100.0,0.0,100.0,0.0,100.0,0.0,100.0
0.0,100.0,0.0,100.0,0.0,100.0,0.0,100.0
0.0,100.0,0.0,90.0,0.0,100.0,9.1,90.9
0.0,100.0,0.0,100.0,0.0,90.9,0.0,100.0
0.0,88.9,0.0,90.0,0.0,100.0,0.0,90.9
0.0,100.0,0.0,100.0,0.0,100.0,0.0,100.0
0.0,100.0,0.0,100.0,0.0,100.0,0.0,100.0
0.0,100.0,0.0,100.0,0.0,100.0,0.0,100.0
0.0,100.0,0.0,100.0,0.0,90.9,0.0,100.0
0.0,90.9,0.0,100.0,0.0,100.0,0.0,100.0
0.0,100.0,0.0,100.0,0.0,100.0,0.0,100.0
0.0,100.0,0.0,100.0,0.0,100.0,0.0,100.0
0.0,100.0,0.0,91.7,0.0,100.0,0.0,90.9
9.1,100.0,0.0,100.0,0.0,100.0,0.0,100.0
0.0,100.0,0.0,100.0,0.0,100.0,0.0,100.0
0.0,100.0,0.0,100.0,0.0,100.0,0.0,100.0
0.0,100.0,0.0,100.0,0.0,100.0,0.0,100.0
0.0,100.0,0.0,100.0,0.0,100.0,0.0,100.0
0.0,100.0,0.0,100.0,0.0,100.0,0.0,100.0
0.0,100.0,0.0,100.0,0.0,100.0,0.0,100.0
0.0,100.0,0.0,100.0,0.0,100.0,0.0,100.0
0.0,100.0,0.0,100.0,0.0,100.0,0.0,100.0
0.0,100.0,0.0,100.0,0.0,100.0,0.0,100.0
0.0,100.0,0.0,100.0,0.0,100.0,0.0,100.0
0.0,100.0,0.0,100.0,0.0,100.0,0.0,100.0
0.0,100.0,0.0,100.0,0.0,100.0,0.0,100.0
11.1,100.0,0.0,100.0,10.0,90.9,0.0,90.0
100.0,100.0,0.0,100.0,100.0,0.0,0.0,0.0
100.0,100.0,0.0,100.0,100.0,0.0,0.0,0.0
100.0,100.0,9.1,100.0,100.0,0.0,0.0,0.0
100.0,100.0,0.0,100.0,100.0,0.0,0.0,0.0
100.0,100.0,0.0,100.0,100.0,0.0,0.0,0.0
100.0,100.0,0.0,100.0,100.0,0.0,0.0,0.0
100.0,100.0,0.0,100.0,100.0,0.0,0.0,0.0
100.0,100.0,0.0,100.0,100.0,0.0,0.0,0.0
100.0,100.0,0.0,100.0,100.0,0.0,0.0,0.0
100.0,100.0,9.1,100.0,100.0,0.0,0.0,0.0
100.0,100.0,0.0,100.0,100.0,0.0,0.0,0.0
100.0,100.0,0.0,100.0,100.0,0.0,0.0,0.0
100.0,100.0,0.0,100.0,100.0,0.0,0.0,0.0
100.0,100.0,0.0,100.0,100.0,0.0,0.0,0.0
100.0,100.0,0.0,100.0,100.0,0.0,0.0,0.0
100.0,100.0,0.0,100.0,100.0,0.0,0.0,0.0
100.0,100.0,0.0,100.0,100.0,0.0,0.0,0.0
100.0,100.0,0.0,100.0,100.0,0.0,0.0,0.0
100.0,100.0,0.0,100.0,100.0,0.0,0.0,0.0
100.0,100.0,0.0,100.0,100.0,0.0,0.0,0.0
100.0,100.0,9.1,100.0,100.0,0.0,0.0,0.0
100.0,100.0,0.0,100.0,100.0,0.0,0.0,0.0
100.0,100.0,0.0,100.0,100.0,0.0,0.0,0.0
100.0,100.0,9.1,100.0,100.0,0.0,0.0,0.0
100.0,100.0,9.1,100.0,100.0,0.0,0.0,0.0
100.0,100.0,0.0,100.0,100.0,0.0,0.0,0.0
100.0,100.0,0.0,100.0,100.0,0.0,0.0,0.0
100.0,100.0,0.0,100.0,100.0,0.0,0.0,0.0
100.0,100.0,0.0,100.0,100.0,0.0,0.0,0.0
100.0,100.0,0.0,100.0,100.0,0.0,0.0,0.0
100.0,100.0,0.0,100.0,100.0,0.0,0.0,0.0
100.0,100.0,0.0,100.0,100.0,0.0,0.0,0.0
100.0,100.0,0.0,100.0,100.0,0.0,0.0,0.0
100.0,100.0,0.0,100.0,100.0,0.0,0.0,0.0
100.0,100.0,0.0,100.0,100.0,0.0,0.0,0.0
100.0,100.0,0.0,100.0,100.0,0.0,0.0,0.0
100.0,100.0,0.0,100.0,100.0,0.0,0.0,0.0
100.0,100.0,0.0,100.0,100.0,0.0,0.0,0.0
100.0,90.0,20.0,100.0,100.0,0.0,0.0,0.0
100.0,0.0,100.0,100.0,100.0,0.0,0.0,0.0
100.0,0.0,10.0,100.0,100.0,0.0,90.9,0.0
100.0,9.1,0.0,100.0,100.0,0.0,100.0,0.0
100.0,0.0,0.0,100.0,100.0,0.0,100.0,0.0
100.0,0.0,0.0,100.0,100.0,0.0,100.0,0.0
100.0,0.0,0.0,100.0,100.0,0.0,100.0,0.0
100.0,0.0,0.0,100.0,100.0,0.0,100.0,0.0
100.0,0.0,0.0,100.0,100.0,0.0,100.0,0.0
100.0,0.0,0.0,100.0,100.0,0.0,100.0,0.0
100.0,9.1,0.0,100.0,100.0,0.0,100.0,0.0
100.0,0.0,0.0,100.0,100.0,0.0,100.0,0.0
100.0,0.0,0.0,100.0,100.0,0.0,100.0,0.0
100.0,0.0,0.0,100.0,100.0,0.0,100.0,0.0
100.0,0.0,0.0,100.0,100.0,0.0,100.0,0.0
100.0,0.0,0.0,100.0,100.0,0.0,100.0,0.0
100.0,0.0,0.0,100.0,100.0,0.0,100.0,0.0
100.0,0.0,0.0,100.0,100.0,0.0,100.0,0.0
100.0,0.0,0.0,100.0,100.0,0.0,100.0,0.0
100.0,0.0,0.0,100.0,100.0,0.0,100.0,0.0
100.0,0.0,0.0,100.0,100.0,0.0,100.0,0.0
100.0,0.0,0.0,100.0,100.0,0.0,100.0,0.0
90.0,0.0,9.1,100.0,100.0,0.0,90.0,0.0
100.0,0.0,0.0,100.0,100.0,0.0,100.0,0.0
90.9,0.0,0.0,100.0,90.9,0.0,100.0,0.0
100.0,9.1,0.0,100.0,100.0,0.0,100.0,0.0
100.0,0.0,0.0,100.0,100.0,0.0,100.0,0.0
100.0,0.0,0.0,100.0,100.0,0.0,100.0,0.0
100.0,0.0,0.0,100.0,100.0,0.0,100.0,0.0
100.0,0.0,0.0,100.0,100.0,0.0,100.0,0.0
100.0,0.0,0.0,100.0,100.0,0.0,100.0,0.0
100.0,0.0,0.0,100.0,100.0,0.0,100.0,0.0
100.0,0.0,0.0,100.0,100.0,0.0,100.0,0.0
100.0,0.0,0.0,100.0,100.0,0.0,100.0,0.0
100.0,0.0,0.0,100.0,100.0,0.0,100.0,0.0
100.0,0.0,0.0,100.0,100.0,0.0,100.0,0.0
100.0,0.0,0.0,100.0,100.0,0.0,100.0,0.0
100.0,0.0,0.0,100.0,100.0,0.0,100.0,0.0
100.0,0.0,0.0,100.0,100.0,0.0,100.0,0.0
100.0,0.0,0.0,100.0,100.0,0.0,100.0,0.0
100.0,0.0,0.0,100.0,100.0,0.0,100.0,0.0
100.0,0.0,0.0,100.0,100.0,0.0,100.0,0.0
100.0,0.0,0.0,100.0,100.0,0.0,100.0,0.0
100.0,0.0,0.0,100.0,100.0,0.0,100.0,0.0
100.0,0.0,0.0,100.0,100.0,0.0,100.0,0.0
100.0,0.0,0.0,100.0,100.0,0.0,100.0,0.0
100.0,0.0,0.0,100.0,100.0,0.0,100.0,0.0
100.0,0.0,0.0,100.0,100.0,0.0,100.0,0.0
100.0,0.0,0.0,100.0,100.0,0.0,100.0,0.0
100.0,0.0,0.0,100.0,100.0,0.0,100.0,0.0
100.0,0.0,0.0,100.0,100.0,0.0,100.0,0.0
100.0,0.0,0.0,100.0,100.0,0.0,100.0,0.0
100.0,0.0,0.0,100.0,100.0,0.0,100.0,0.0
100.0,0.0,0.0,100.0,100.0,0.0,100.0,0.0
100.0,0.0,0.0,100.0,100.0,0.0,100.0,0.0
100.0,0.0,0.0,100.0,100.0,0.0,100.0,0.0
100.0,0.0,0.0,100.0,100.0,0.0,100.0,0.0
100.0,0.0,0.0,100.0,100.0,0.0,100.0,0.0
100.0,0.0,0.0,100.0,100.0,0.0,100.0,0.0
100.0,0.0,0.0,100.0,100.0,0.0,100.0,0.0
100.0,0.0,0.0,100.0,100.0,0.0,100.0,0.0
100.0,0.0,0.0,100.0,100.0,0.0,100.0,0.0
100.0,9.1,0.0,100.0,100.0,0.0,100.0,0.0
100.0,0.0,0.0,100.0,100.0,0.0,100.0,0.0
100.0,0.0,0.0,100.0,100.0,0.0,100.0,0.0
100.0,0.0,0.0,100.0,100.0,0.0,100.0,0.0
50.0,0.0,0.0,40.0,50.0,0.0,50.0,0.0
20.0,0.0,0.0,10.0,18.2,0.0,0.0,18.2
18.2,0.0,0.0,0.0,20.0,0.0,9.1,10.0
10.0,54.5,11.1,54.5,36.4,0.0,0.0,37.5
0.0,100.0,0.0,100.0,100.0,0.0,0.0,100.0
0.0,100.0,0.0,100.0,100.0,0.0,0.0,100.0
0.0,100.0,0.0,100.0,100.0,0.0,0.0,100.0
0.0,100.0,0.0,100.0,100.0,0.0,0.0,100.0
0.0,100.0,9.1,100.0,100.0,0.0,0.0,100.0
0.0,100.0,0.0,100.0,100.0,0.0,0.0,100.0
0.0,100.0,0.0,100.0,100.0,0.0,0.0,100.0
0.0,100.0,0.0,100.0,100.0,0.0,0.0,100.0
0.0,100.0,0.0,100.0,100.0,0.0,0.0,100.0
0.0,100.0,0.0,100.0,100.0,0.0,0.0,100.0
0.0,100.0,0.0,100.0,100.0,0.0,0.0,100.0
0.0,100.0,0.0,100.0,100.0,0.0,0.0,100.0
0.0,100.0,0.0,100.0,100.0,0.0,0.0,100.0
0.0,100.0,0.0,100.0,100.0,0.0,0.0,100.0
0.0,100.0,0.0,100.0,100.0,0.0,0.0,100.0
0.0,100.0,0.0,100.0,100.0,0.0,0.0,100.0
0.0,100.0,0.0,100.0,100.0,0.0,0.0,100.0
0.0,100.0,0.0,100.0,100.0,0.0,0.0,100.0
0.0,100.0,0.0,100.0,100.0,0.0,0.0,100.0
0.0,100.0,0.0,100.0,100.0,0.0,0.0,100.0
0.0,100.0,0.0,100.0,100.0,0.0,0.0,100.0
0.0,100.0,0.0,100.0,100.0,0.0,0.0,100.0
0.0,100.0,0.0,100.0,100.0,0.0,0.0,100.0
0.0,100.0,0.0,100.0,100.0,0.0,0.0,100.0
0.0,100.0,0.0,100.0,100.0,0.0,0.0,100.0
0.0,100.0,0.0,100.0,100.0,0.0,0.0,100.0
0.0,100.0,0.0,100.0,100.0,0.0,0.0,100.0
0.0,100.0,0.0,100.0,100.0,0.0,0.0,100.0
0.0,100.0,0.0,100.0,100.0,0.0,0.0,100.0
0.0,100.0,0.0,100.0,100.0,0.0,0.0,100.0
0.0,100.0,0.0,100.0,100.0,0.0,0.0,100.0
0.0,100.0,0.0,100.0,100.0,0.0,0.0,100.0
0.0,100.0,0.0,100.0,100.0,0.0,0.0,100.0
0.0,100.0,0.0,100.0,100.0,0.0,0.0,100.0
0.0,100.0,0.0,100.0,100.0,0.0,0.0,100.0
0.0,100.0,0.0,100.0,100.0,0.0,0.0,100.0
0.0,100.0,0.0,100.0,100.0,0.0,0.0,100.0
0.0,100.0,0.0,100.0,100.0,0.0,0.0,100.0
0.0,100.0,0.0,100.0,100.0,0.0,0.0,100.0
0.0,45.5,0.0,44.4,44.4,0.0,0.0,45.5
0.0,100.0,0.0,100.0,100.0,0.0,0.0,100.0
0.0,100.0,0.0,100.0,100.0,0.0,0.0,100.0
0.0,100.0,0.0,100.0,100.0,0.0,0.0,100.0
0.0,100.0,0.0,100.0,100.0,0.0,0.0,100.0
0.0,100.0,0.0,100.0,100.0,0.0,0.0,100.0
0.0,100.0,0.0,90.0,100.0,0.0,0.0,100.0
0.0,81.8,0.0,90.0,100.0,0.0,0.0,88.9
0.0,80.0,0.0,80.0,90.0,0.0,0.0,90.0
0.0,90.0,10.0,100.0,100.0,0.0,0.0,90.9
30.0,22.2,0.0,0.0,8.3,0.0,10.0,0.0
10.0,0.0,0.0,0.0,0.0,0.0,10.0,0.0
10.0,45.5,70.0,66.7,40.0,0.0,10.0,0.0
0.0,0.0,90.0,100.0,90.0,70.0,0.0,9.1
0.0,0.0,100.0,100.0,100.0,100.0,0.0,0.0
0.0,0.0,100.0,100.0,100.0,100.0,0.0,0.0
0.0,100.0,0.0,100.0,100.0,100.0,0.0,0.0
0.0,100.0,0.0,100.0,100.0,100.0,0.0,0.0
0.0,100.0,0.0,100.0,100.0,100.0,0.0,0.0
0.0,100.0,0.0,100.0,100.0,100.0,0.0,0.0
0.0,100.0,0.0,100.0,100.0,100.0,0.0,0.0
0.0,100.0,0.0,100.0,40.0,100.0,0.0,60.0
0.0,100.0,9.1,100.0,0.0,100.0,0.0,100.0
0.0,100.0,0.0,100.0,0.0,100.0,0.0,100.0
0.0,100.0,0.0,100.0,0.0,100.0,0.0,100.0
0.0,100.0,0.0,100.0,0.0,100.0,0.0,100.0
0.0,100.0,0.0,100.0,0.0,100.0,0.0,100.0
0.0,100.0,0.0,100.0,0.0,100.0,0.0,100.0
0.0,100.0,0.0,100.0,0.0,100.0,0.0,100.0
0.0,100.0,0.0,100.0,0.0,100.0,0.0,100.0
0.0,100.0,0.0,100.0,0.0,100.0,0.0,100.0
0.0,100.0,0.0,100.0,0.0,100.0,0.0,100.0
0.0,100.0,0.0,100.0,0.0,100.0,0.0,100.0
0.0,100.0,0.0,100.0,0.0,100.0,0.0,100.0
0.0,100.0,0.0,100.0,0.0,100.0,0.0,100.0
0.0,100.0,0.0,100.0,0.0,100.0,0.0,100.0
0.0,100.0,0.0,100.0,0.0,100.0,0.0,100.0
0.0,100.0,0.0,100.0,0.0,100.0,0.0,100.0
0.0,100.0,0.0,100.0,0.0,100.0,0.0,100.0
0.0,100.0,0.0,100.0,0.0,100.0,0.0,100.0
0.0,100.0,0.0,100.0,0.0,100.0,0.0,100.0
0.0,100.0,0.0,100.0,0.0,100.0,0.0,100.0
0.0,100.0,0.0,100.0,0.0,100.0,0.0,100.0
0.0,100.0,0.0,100.0,0.0,100.0,0.0,100.0
0.0,100.0,0.0,100.0,0.0,100.0,0.0,100.0
0.0,100.0,0.0,100.0,0.0,100.0,0.0,100.0
0.0,100.0,0.0,100.0,0.0,100.0,0.0,100.0
0.0,100.0,0.0,100.0,0.0,100.0,0.0,100.0
0.0,100.0,0.0,100.0,0.0,100.0,0.0,100.0
0.0,100.0,0.0,100.0,0.0,100.0,0.0,100.0
0.0,100.0,0.0,100.0,0.0,100.0,0.0,100.0
0.0,100.0,0.0,100.0,0.0,100.0,0.0,100.0
0.0,100.0,0.0,100.0,0.0,100.0,0.0,100.0
0.0,100.0,0.0,100.0,0.0,100.0,0.0,100.0
0.0,100.0,0.0,100.0,0.0,100.0,0.0,100.0
0.0,100.0,0.0,100.0,0.0,100.0,0.0,100.0
0.0,100.0,0.0,100.0,0.0,100.0,0.0,100.0
0.0,100.0,0.0,100.0,0.0,100.0,0.0,100.0
0.0,100.0,0.0,100.0,0.0,100.0,0.0,100.0
0.0,100.0,0.0,100.0,0.0,100.0,0.0,100.0
0.0,100.0,0.0,100.0,0.0,100.0,0.0,100.0
0.0,100.0,0.0,100.0,0.0,100.0,0.0,100.0
0.0,100.0,0.0,100.0,0.0,100.0,0.0,100.0
0.0,100.0,0.0,100.0,0.0,100.0,0.0,100.0
0.0,100.0,9.1,100.0,0.0,100.0,0.0,100.0
0.0,100.0,0.0,100.0,0.0,100.0,0.0,100.0
0.0,100.0,0.0,100.0,0.0,100.0,0.0,100.0
0.0,100.0,0.0,100.0,0.0,100.0,0.0,100.0
0.0,100.0,0.0,100.0,0.0,100.0,0.0,100.0
0.0,100.0,0.0,100.0,0.0,100.0,0.0,100.0
0.0,100.0,0.0,100.0,0.0,100.0,0.0,100.0
0.0,100.0,0.0,100.0,0.0,100.0,0.0,100.0
0.0,90.9,0.0,90.9,0.0,100.0,0.0,100.0
0.0,100.0,0.0,100.0,0.0,100.0,0.0,100.0
0.0,90.9,0.0,90.0,0.0,90.0,0.0,90.9
0.0,100.0,0.0,100.0,0.0,100.0,0.0,100.0
0.0,100.0,0.0,100.0,0.0,100.0,0.0,100.0
0.0,100.0,0.0,100.0,0.0,100.0,0.0,100.0
0.0,100.0,0.0,100.0,0.0,100.0,0.0,100.0
0.0,100.0,0.0,100.0,0.0,100.0,0.0,100.0
0.0,100.0,0.0,100.0,0.0,100.0,0.0,100.0
0.0,100.0,0.0,100.0,0.0,100.0,0.0,100.0
0.0,100.0,0.0,100.0,0.0,100.0,0.0,100.0
0.0,100.0,9.1,100.0,0.0,100.0,0.0,100.0
0.0,100.0,0.0,100.0,0.0,100.0,0.0,100.0
0.0,100.0,0.0,100.0,0.0,100.0,0.0,100.0
0.0,100.0,0.0,100.0,0.0,100.0,0.0,100.0
0.0,100.0,0.0,100.0,0.0,100.0,0.0,100.0
0.0,100.0,0.0,100.0,0.0,100.0,0.0,100.0
0.0,100.0,0.0,100.0,0.0,100.0,0.0,100.0
0.0,100.0,0.0,100.0,0.0,100.0,0.0,100.0
0.0,100.0,0.0,100.0,0.0,100.0,0.0,100.0
0.0,100.0,0.0,100.0,0.0,100.0,0.0,100.0
0.0,100.0,0.0,100.0,0.0,100.0,0.0,100.0
0.0,100.0,0.0,100.0,0.0,100.0,0.0,100.0
0.0,100.0,0.0,100.0,0.0,100.0,0.0,100.0
0.0,100.0,0.0,100.0,0.0,100.0,0.0,100.0
0.0,100.0,0.0,100.0,0.0,100.0,0.0,100.0
0.0,100.0,9.1,100.0,0.0,100.0,0.0,100.0
0.0,100.0,0.0,100.0,0.0,100.0,0.0,100.0
0.0,100.0,0.0,100.0,0.0,100.0,0.0,100.0
0.0,100.0,0.0,100.0,0.0,100.0,0.0,100.0
0.0,100.0,0.0,100.0,0.0,100.0,0.0,100.0
0.0,100.0,0.0,100.0,0.0,100.0,0.0,100.0
0.0,100.0,0.0,100.0,0.0,100.0,0.0,100.0
0.0,100.0,0.0,100.0,0.0,100.0,0.0,100.0
0.0,100.0,0.0,100.0,0.0,100.0,0.0,100.0
0.0,100.0,0.0,100.0,0.0,100.0,0.0,100.0
0.0,100.0,0.0,100.0,0.0,100.0,0.0,100.0
0.0,100.0,0.0,100.0,0.0,100.0,0.0,100.0
0.0,100.0,0.0,100.0,0.0,100.0,0.0,100.0
0.0,100.0,0.0,100.0,0.0,100.0,0.0,100.0
0.0,100.0,0.0,100.0,0.0,100.0,0.0,100.0
0.0,100.0,0.0,100.0,0.0,100.0,0.0,100.0
0.0,100.0,0.0,100.0,0.0,100.0,0.0,100.0
0.0,100.0,0.0,100.0,0.0,100.0,0.0,100.0
0.0,100.0,0.0,100.0,0.0,100.0,0.0,100.0
0.0,100.0,0.0,100.0,0.0,100.0,0.0,100.0
0.0,100.0,0.0,100.0,0.0,100.0,0.0,100.0
0.0,100.0,0.0,100.0,0.0,100.0,0.0,100.0
0.0,100.0,0.0,100.0,0.0,100.0,0.0,100.0
0.0,100.0,0.0,100.0,0.0,100.0,0.0,100.0
0.0,100.0,0.0,100.0,0.0,100.0,0.0,100.0
0.0,100.0,0.0,100.0,0.0,100.0,0.0,100.0
0.0,100.0,0.0,100.0,0.0,100.0,0.0,100.0
0.0,100.0,0.0,100.0,0.0,100.0,0.0,100.0
0.0,100.0,0.0,100.0,0.0,100.0,0.0,100.0
0.0,100.0,0.0,100.0,0.0,100.0,0.0,100.0
0.0,100.0,0.0,100.0,0.0,100.0,0.0,100.0
0.0,100.0,0.0,100.0,0.0,100.0,0.0,100.0
0.0,100.0,0.0,100.0,0.0,100.0,0.0,100.0
0.0,100.0,0.0,100.0,0.0,100.0,0.0,100.0
0.0,100.0,0.0,100.0,0.0,100.0,0.0,100.0
0.0,100.0,0.0,100.0,0.0,100.0,0.0,100.0
0.0,100.0,0.0,100.0,0.0,100.0,0.0,100.0
0.0,100.0,0.0,100.0,0.0,100.0,0.0,100.0
0.0,100.0,0.0,100.0,0.0,100.0,0.0,100.0
0.0,100.0,0.0,100.0,0.0,100.0,0.0,100.0
0.0,100.0,0.0,100.0,0.0,100.0,0.0,100.0
0.0,100.0,0.0,100.0,0.0,100.0,0.0,100.0
0.0,44.4,9.1,50.0,0.0,44.4,0.0,60.0
0.0,11.1,0.0,0.0,10.0,0.0,10.0,0.0
0.0,10.0,18.2,0.0,10.0,0.0,0.0,0.0
0.0,0.0,0.0,0.0,0.0,0.0,0.0,0.0
0.0,0.0,0.0,9.1,0.0,0.0,0.0,0.0
0.0,0.0,0.0,0.0,0.0,0.0,0.0,0.0
0.0,0.0,0.0,0.0,0.0,0.0,0.0,0.0
0.0,0.0,0.0,9.1,0.0,9.1,0.0,9.1
0.0,0.0,0.0,0.0,9.1,0.0,0.0,0.0
0.0,80.0,0.0,0.0,0.0,30.0,0.0,0.0
0.0,100.0,0.0,0.0,0.0,100.0,0.0,0.0
0.0,100.0,0.0,9.1,0.0,100.0,0.0,0.0
0.0,100.0,90.0,0.0,0.0,100.0,0.0,0.0
0.0,100.0,100.0,0.0,10.0,100.0,0.0,0.0
0.0,100.0,100.0,0.0,100.0,100.0,0.0,0.0
0.0,100.0,100.0,0.0,100.0,100.0,0.0,0.0
0.0,100.0,100.0,0.0,100.0,100.0,0.0,0.0
0.0,100.0,100.0,0.0,100.0,100.0,0.0,0.0
0.0,100.0,100.0,0.0,100.0,100.0,0.0,0.0
0.0,100.0,100.0,0.0,100.0,100.0,0.0,0.0
0.0,100.0,100.0,0.0,100.0,100.0,0.0,0.0
0.0,100.0,100.0,0.0,100.0,100.0,0.0,0.0
0.0,100.0,100.0,0.0,100.0,100.0,0.0,0.0
0.0,100.0,100.0,0.0,100.0,100.0,0.0,0.0
0.0,100.0,100.0,0.0,100.0,100.0,0.0,0.0
0.0,100.0,100.0,0.0,100.0,100.0,0.0,0.0
0.0,100.0,100.0,0.0,100.0,100.0,0.0,0.0
0.0,100.0,100.0,0.0,100.0,100.0,0.0,0.0
0.0,100.0,100.0,0.0,100.0,100.0,0.0,0.0
0.0,100.0,100.0,0.0,100.0,100.0,0.0,0.0
0.0,100.0,100.0,0.0,100.0,100.0,0.0,0.0
0.0,100.0,100.0,0.0,100.0,100.0,0.0,0.0
0.0,100.0,100.0,0.0,100.0,100.0,0.0,0.0
0.0,100.0,100.0,0.0,100.0,100.0,0.0,0.0
0.0,100.0,100.0,0.0,100.0,100.0,0.0,0.0
0.0,100.0,100.0,0.0,100.0,100.0,0.0,0.0
0.0,100.0,100.0,0.0,100.0,100.0,0.0,0.0
0.0,100.0,100.0,0.0,100.0,100.0,0.0,0.0
0.0,100.0,100.0,0.0,100.0,100.0,0.0,0.0
0.0,100.0,100.0,0.0,100.0,100.0,0.0,0.0
0.0,100.0,100.0,0.0,100.0,100.0,0.0,0.0
0.0,100.0,100.0,0.0,100.0,100.0,0.0,0.0
0.0,100.0,100.0,0.0,100.0,100.0,0.0,0.0
0.0,100.0,100.0,0.0,100.0,100.0,0.0,0.0
0.0,100.0,100.0,0.0,100.0,100.0,0.0,0.0
0.0,100.0,100.0,0.0,100.0,100.0,0.0,0.0
0.0,100.0,100.0,0.0,100.0,100.0,0.0,0.0
0.0,100.0,100.0,0.0,100.0,100.0,0.0,0.0
0.0,100.0,100.0,0.0,100.0,100.0,0.0,0.0
0.0,100.0,100.0,0.0,100.0,100.0,0.0,0.0
0.0,100.0,100.0,0.0,100.0,100.0,0.0,0.0
0.0,100.0,100.0,0.0,100.0,100.0,0.0,0.0
0.0,100.0,100.0,0.0,100.0,100.0,0.0,0.0
0.0,100.0,100.0,0.0,100.0,100.0,0.0,0.0
0.0,100.0,100.0,0.0,100.0,100.0,0.0,0.0
0.0,100.0,100.0,0.0,100.0,100.0,0.0,0.0
0.0,100.0,100.0,0.0,100.0,100.0,0.0,0.0
0.0,100.0,100.0,0.0,100.0,100.0,0.0,0.0
0.0,100.0,100.0,0.0,100.0,100.0,0.0,0.0
0.0,100.0,100.0,0.0,100.0,100.0,0.0,0.0
0.0,100.0,100.0,0.0,100.0,100.0,0.0,0.0
0.0,100.0,100.0,0.0,100.0,100.0,0.0,0.0
0.0,100.0,100.0,0.0,100.0,100.0,0.0,0.0
0.0,100.0,100.0,0.0,100.0,100.0,0.0,0.0
0.0,100.0,100.0,0.0,100.0,100.0,0.0,0.0
0.0,100.0,100.0,0.0,100.0,100.0,0.0,0.0
0.0,100.0,100.0,0.0,100.0,100.0,0.0,0.0
0.0,100.0,100.0,0.0,100.0,100.0,0.0,0.0
0.0,100.0,100.0,0.0,100.0,100.0,0.0,0.0
0.0,100.0,100.0,0.0,100.0,100.0,0.0,0.0
0.0,100.0,100.0,0.0,100.0,100.0,0.0,0.0
0.0,100.0,100.0,0.0,100.0,100.0,0.0,0.0
0.0,100.0,100.0,0.0,100.0,100.0,0.0,0.0
0.0,100.0,100.0,0.0,100.0,100.0,0.0,0.0
0.0,100.0,100.0,0.0,100.0,100.0,0.0,0.0
0.0,100.0,100.0,0.0,100.0,100.0,0.0,0.0
0.0,100.0,100.0,0.0,100.0,100.0,0.0,0.0
0.0,100.0,100.0,0.0,100.0,100.0,0.0,0.0
0.0,100.0,100.0,0.0,100.0,100.0,0.0,0.0
0.0,72.7,72.7,0.0,72.7,88.9,0.0,9.1
0.0,80.0,80.0,0.0,72.7,72.7,0.0,10.0
0.0,100.0,100.0,0.0,100.0,100.0,0.0,0.0
0.0,100.0,100.0,0.0,100.0,100.0,0.0,0.0
0.0,100.0,100.0,0.0,100.0,100.0,0.0,0.0
0.0,100.0,100.0,0.0,100.0,100.0,0.0,0.0
0.0,100.0,100.0,0.0,100.0,100.0,0.0,0.0
0.0,77.8,90.0,0.0,90.0,80.0,18.2,0.0
0.0,100.0,100.0,0.0,100.0,100.0,0.0,0.0
0.0,100.0,100.0,0.0,100.0,100.0,0.0,0.0
0.0,80.0,90.9,0.0,90.9,90.0,9.1,0.0
0.0,30.0,18.2,18.2,0.0,44.4,40.0,11.1
0.0,0.0,0.0,44.4,0.0,0.0,0.0,18.2
9.1,22.2,44.4,100.0,9.1,20.0,0.0,0.0
0.0,100.0,100.0,100.0,0.0,100.0,0.0,0.0
0.0,90.0,90.0,90.0,0.0,90.0,0.0,0.0
0.0,100.0,100.0,100.0,0.0,100.0,0.0,0.0
0.0,100.0,88.9,100.0,0.0,100.0,0.0,11.1
0.0,100.0,0.0,100.0,0.0,100.0,0.0,100.0
0.0,100.0,0.0,100.0,0.0,100.0,0.0,100.0
0.0,100.0,0.0,100.0,0.0,100.0,0.0,100.0
0.0,100.0,0.0,100.0,0.0,100.0,0.0,100.0
0.0,100.0,0.0,100.0,0.0,100.0,0.0,100.0
0.0,100.0,0.0,100.0,0.0,100.0,0.0,100.0
0.0,100.0,0.0,100.0,0.0,100.0,0.0,100.0
0.0,100.0,0.0,100.0,0.0,100.0,0.0,100.0
0.0,100.0,0.0,100.0,0.0,100.0,0.0,100.0
0.0,100.0,9.1,100.0,0.0,100.0,0.0,100.0
0.0,100.0,0.0,100.0,0.0,100.0,0.0,100.0
0.0,100.0,0.0,100.0,0.0,100.0,0.0,100.0
0.0,100.0,0.0,100.0,0.0,100.0,0.0,100.0
0.0,100.0,0.0,100.0,0.0,100.0,0.0,100.0
0.0,100.0,0.0,100.0,0.0,100.0,0.0,100.0
0.0,100.0,0.0,100.0,0.0,100.0,0.0,100.0
0.0,100.0,0.0,100.0,0.0,100.0,0.0,100.0
0.0,100.0,0.0,100.0,0.0,100.0,0.0,100.0
0.0,100.0,0.0,100.0,0.0,100.0,0.0,100.0
0.0,100.0,0.0,100.0,0.0,100.0,0.0,100.0
0.0,100.0,0.0,100.0,0.0,100.0,0.0,100.0
0.0,100.0,0.0,100.0,0.0,100.0,0.0,100.0
0.0,100.0,0.0,100.0,0.0,100.0,0.0,100.0
0.0,100.0,0.0,100.0,0.0,100.0,0.0,100.0
0.0,100.0,0.0,100.0,0.0,100.0,0.0,100.0
0.0,100.0,0.0,100.0,0.0,100.0,0.0,100.0
0.0,100.0,0.0,100.0,0.0,100.0,0.0,100.0
0.0,100.0,0.0,100.0,0.0,100.0,0.0,100.0
0.0,100.0,0.0,100.0,0.0,100.0,0.0,100.0
0.0,100.0,0.0,100.0,0.0,100.0,0.0,100.0
0.0,100.0,0.0,100.0,0.0,100.0,0.0,100.0
0.0,100.0,0.0,100.0,0.0,100.0,0.0,100.0
0.0,100.0,0.0,100.0,0.0,100.0,0.0,100.0
0.0,100.0,0.0,100.0,0.0,100.0,0.0,100.0
0.0,100.0,0.0,100.0,0.0,100.0,0.0,100.0
0.0,100.0,0.0,100.0,0.0,100.0,0.0,100.0
0.0,100.0,0.0,100.0,0.0,100.0,0.0,100.0
0.0,100.0,0.0,100.0,0.0,100.0,0.0,100.0
0.0,100.0,0.0,100.0,0.0,100.0,0.0,100.0
0.0,100.0,0.0,100.0,0.0,100.0,0.0,100.0
0.0,100.0,0.0,100.0,0.0,100.0,0.0,100.0
0.0,100.0,0.0,100.0,0.0,100.0,0.0,100.0
0.0,100.0,0.0,100.0,0.0,100.0,0.0,100.0
0.0,100.0,0.0,100.0,0.0,100.0,0.0,100.0
0.0,100.0,0.0,100.0,0.0,100.0,0.0,100.0
0.0,100.0,0.0,100.0,0.0,100.0,0.0,100.0
0.0,100.0,0.0,100.0,0.0,100.0,0.0,100.0
0.0,100.0,0.0,100.0,0.0,100.0,0.0,100.0
0.0,100.0,0.0,100.0,0.0,100.0,0.0,100.0
0.0,100.0,0.0,100.0,0.0,100.0,0.0,100.0
0.0,100.0,9.1,100.0,0.0,100.0,0.0,100.0
0.0,100.0,0.0,100.0,0.0,100.0,0.0,100.0
0.0,100.0,0.0,100.0,0.0,100.0,0.0,100.0
0.0,100.0,0.0,100.0,0.0,100.0,0.0,100.0
0.0,100.0,0.0,100.0,0.0,100.0,0.0,100.0
0.0,100.0,0.0,100.0,0.0,100.0,0.0,100.0
0.0,100.0,0.0,100.0,0.0,100.0,0.0,100.0
0.0,100.0,0.0,100.0,0.0,100.0,0.0,100.0
0.0,100.0,0.0,100.0,0.0,100.0,0.0,100.0
0.0,100.0,0.0,100.0,0.0,100.0,0.0,100.0
0.0,100.0,0.0,100.0,0.0,100.0,0.0,100.0
0.0,100.0,0.0,100.0,0.0,100.0,0.0,100.0
0.0,100.0,0.0,100.0,0.0,100.0,0.0,100.0
0.0,100.0,9.1,100.0,0.0,100.0,0.0,100.0
0.0,100.0,0.0,100.0,0.0,100.0,0.0,100.0
0.0,100.0,0.0,100.0,0.0,100.0,0.0,100.0
0.0,100.0,0.0,100.0,0.0,100.0,0.0,100.0
0.0,100.0,0.0,100.0,0.0,100.0,0.0,100.0
0.0,100.0,0.0,100.0,0.0,100.0,0.0,100.0
0.0,100.0,0.0,100.0,0.0,100.0,0.0,100.0
0.0,100.0,0.0,100.0,0.0,100.0,0.0,100.0
0.0,100.0,0.0,100.0,0.0,100.0,0.0,100.0
0.0,100.0,0.0,100.0,0.0,100.0,0.0,100.0
0.0,100.0,0.0,100.0,0.0,100.0,0.0,100.0
0.0,100.0,0.0,100.0,0.0,100.0,0.0,100.0
0.0,100.0,0.0,100.0,0.0,100.0,0.0,100.0
0.0,100.0,0.0,100.0,0.0,100.0,0.0,100.0
0.0,100.0,0.0,100.0,0.0,100.0,0.0,100.0
0.0,100.0,0.0,100.0,0.0,100.0,0.0,100.0
0.0,100.0,0.0,100.0,0.0,100.0,0.0,100.0
0.0,100.0,0.0,100.0,0.0,100.0,0.0,100.0
0.0,100.0,0.0,100.0,0.0,100.0,0.0,100.0
0.0,100.0,0.0,100.0,0.0,100.0,0.0,100.0
0.0,100.0,0.0,100.0,0.0,100.0,0.0,100.0
0.0,100.0,0.0,100.0,0.0,100.0,0.0,100.0
0.0,100.0,0.0,100.0,0.0,100.0,0.0,100.0
0.0,100.0,0.0,100.0,0.0,100.0,0.0,100.0
0.0,100.0,0.0,100.0,0.0,100.0,0.0,100.0
0.0,100.0,0.0,100.0,0.0,100.0,0.0,100.0
0.0,100.0,0.0,100.0,0.0,100.0,0.0,100.0
0.0,100.0,0.0,100.0,0.0,100.0,0.0,100.0
0.0,100.0,0.0,100.0,0.0,100.0,0.0,100.0
0.0,100.0,0.0,100.0,0.0,100.0,0.0,100.0
0.0,100.0,0.0,100.0,0.0,100.0,0.0,100.0
0.0,100.0,0.0,100.0,0.0,100.0,0.0,100.0
0.0,100.0,0.0,100.0,0.0,100.0,0.0,100.0
10.0,25.0,0.0,36.4,0.0,30.0,0.0,30.0
9.1,18.2,10.0,0.0,0.0,0.0,0.0,0.0
10.0,10.0,18.2,9.1,18.2,0.0,9.1,0.0
0.0,66.7,10.0,70.0,0.0,72.7,0.0,77.8
0.0,100.0,0.0,100.0,0.0,100.0,0.0,100.0
0.0,100.0,0.0,100.0,0.0,100.0,0.0,100.0
0.0,100.0,0.0,100.0,0.0,100.0,0.0,100.0
0.0,100.0,0.0,100.0,0.0,100.0,0.0,100.0
0.0,100.0,0.0,100.0,0.0,100.0,0.0,100.0
0.0,100.0,0.0,100.0,0.0,100.0,0.0,100.0
0.0,100.0,0.0,100.0,0.0,100.0,0.0,100.0
0.0,100.0,0.0,100.0,0.0,100.0,0.0,100.0
0.0,100.0,0.0,100.0,0.0,100.0,0.0,100.0
0.0,100.0,0.0,100.0,0.0,100.0,0.0,100.0
0.0,100.0,0.0,100.0,0.0,100.0,0.0,100.0
0.0,100.0,0.0,100.0,0.0,100.0,0.0,100.0
0.0,100.0,0.0,100.0,0.0,100.0,0.0,100.0
0.0,100.0,0.0,100.0,0.0,100.0,0.0,100.0
0.0,100.0,0.0,100.0,0.0,100.0,0.0,100.0
0.0,100.0,0.0,100.0,0.0,100.0,0.0,100.0
0.0,100.0,0.0,100.0,0.0,100.0,0.0,100.0
0.0,100.0,0.0,100.0,0.0,100.0,0.0,100.0
0.0,100.0,0.0,100.0,0.0,100.0,0.0,100.0
0.0,100.0,0.0,100.0,0.0,100.0,0.0,100.0
0.0,100.0,0.0,100.0,0.0,100.0,0.0,100.0
0.0,100.0,0.0,100.0,0.0,100.0,0.0,100.0
0.0,100.0,0.0,100.0,0.0,100.0,0.0,100.0
0.0,100.0,0.0,100.0,0.0,100.0,0.0,100.0
0.0,100.0,0.0,100.0,0.0,100.0,0.0,100.0
0.0,100.0,0.0,100.0,0.0,100.0,0.0,100.0
0.0,100.0,0.0,100.0,0.0,100.0,0.0,100.0
0.0,100.0,0.0,100.0,0.0,100.0,0.0,100.0
0.0,100.0,0.0,100.0,0.0,100.0,0.0,100.0
0.0,100.0,0.0,100.0,0.0,100.0,0.0,100.0
0.0,100.0,0.0,100.0,0.0,100.0,0.0,100.0
0.0,100.0,0.0,100.0,0.0,100.0,0.0,100.0
0.0,100.0,0.0,100.0,0.0,100.0,0.0,100.0
0.0,100.0,0.0,100.0,0.0,100.0,0.0,100.0
0.0,100.0,0.0,100.0,0.0,100.0,0.0,100.0
9.1,100.0,0.0,100.0,0.0,100.0,0.0,100.0
0.0,100.0,0.0,100.0,0.0,100.0,0.0,100.0
9.1,70.0,0.0,70.0,0.0,75.0,0.0,66.7
0.0,88.9,80.0,88.9,0.0,0.0,0.0,80.0
0.0,100.0,100.0,100.0,0.0,0.0,0.0,100.0
0.0,100.0,100.0,100.0,0.0,0.0,0.0,100.0
0.0,100.0,100.0,100.0,0.0,0.0,0.0,100.0
0.0,100.0,100.0,100.0,0.0,0.0,0.0,100.0
0.0,90.0,100.0,100.0,0.0,0.0,0.0,90.0
90.0,81.8,81.8,100.0,0.0,10.0,0.0,9.1
80.0,80.0,100.0,81.8,0.0,0.0,0.0,0.0
90.9,90.0,80.0,100.0,0.0,10.0,9.1,10.0
22.2,33.3,27.3,10.0,9.1,10.0,10.0,30.0
0.0,0.0,100.0,33.3,0.0,16.7,0.0,22.2
0.0,90.0,100.0,100.0,0.0,0.0,0.0,100.0
0.0,90.0,90.9,100.0,0.0,0.0,0.0,90.9
0.0,100.0,100.0,100.0,0.0,0.0,0.0,100.0
0.0,100.0,100.0,100.0,0.0,0.0,0.0,100.0
0.0,100.0,0.0,100.0,100.0,0.0,0.0,100.0
0.0,100.0,0.0,100.0,100.0,0.0,0.0,100.0
0.0,100.0,0.0,100.0,100.0,0.0,0.0,100.0
0.0,100.0,0.0,100.0,100.0,0.0,0.0,100.0
0.0,100.0,0.0,100.0,100.0,0.0,0.0,100.0
16.7,100.0,0.0,100.0,100.0,0.0,0.0,100.0
0.0,100.0,0.0,100.0,100.0,0.0,0.0,100.0
0.0,100.0,0.0,100.0,100.0,0.0,0.0,100.0
0.0,100.0,0.0,100.0,100.0,0.0,0.0,100.0
0.0,100.0,0.0,100.0,100.0,0.0,0.0,100.0
0.0,100.0,0.0,100.0,100.0,0.0,0.0,100.0
23.1,100.0,0.0,100.0,100.0,0.0,0.0,100.0
0.0,100.0,0.0,100.0,100.0,0.0,0.0,100.0
0.0,100.0,0.0,100.0,100.0,0.0,0.0,100.0
0.0,100.0,0.0,100.0,100.0,0.0,0.0,100.0
0.0,100.0,0.0,100.0,100.0,0.0,0.0,100.0
0.0,100.0,9.1,100.0,100.0,0.0,0.0,100.0
0.0,100.0,0.0,100.0,100.0,0.0,0.0,100.0
0.0,100.0,0.0,100.0,100.0,0.0,0.0,100.0
0.0,100.0,0.0,100.0,100.0,0.0,0.0,100.0
0.0,100.0,0.0,100.0,100.0,0.0,0.0,100.0
0.0,100.0,0.0,100.0,100.0,0.0,0.0,100.0
0.0,100.0,0.0,100.0,100.0,0.0,0.0,100.0
0.0,100.0,0.0,100.0,100.0,0.0,0.0,100.0
0.0,100.0,0.0,100.0,100.0,0.0,0.0,100.0
0.0,100.0,0.0,100.0,100.0,0.0,0.0,100.0
0.0,100.0,0.0,100.0,100.0,0.0,0.0,100.0
0.0,100.0,0.0,100.0,100.0,0.0,0.0,100.0
0.0,100.0,0.0,100.0,100.0,0.0,0.0,100.0
0.0,100.0,0.0,100.0,100.0,0.0,0.0,100.0
0.0,100.0,0.0,100.0,100.0,0.0,0.0,100.0
0.0,100.0,0.0,100.0,100.0,0.0,0.0,100.0
0.0,100.0,0.0,100.0,100.0,0.0,0.0,100.0
0.0,100.0,0.0,100.0,100.0,0.0,0.0,100.0
0.0,100.0,0.0,100.0,100.0,0.0,0.0,100.0
0.0,100.0,0.0,100.0,100.0,0.0,0.0,100.0
0.0,100.0,0.0,100.0,100.0,0.0,0.0,100.0
0.0,100.0,0.0,100.0,100.0,0.0,0.0,100.0
0.0,100.0,0.0,100.0,100.0,0.0,0.0,100.0
0.0,100.0,0.0,100.0,100.0,0.0,0.0,100.0
0.0,100.0,0.0,100.0,100.0,0.0,0.0,100.0
0.0,100.0,0.0,100.0,100.0,0.0,0.0,100.0
0.0,100.0,0.0,100.0,100.0,0.0,0.0,91.7
0.0,100.0,0.0,100.0,100.0,0.0,0.0,100.0
0.0,100.0,0.0,100.0,100.0,0.0,0.0,100.0
0.0,100.0,0.0,100.0,100.0,0.0,0.0,100.0
0.0,100.0,0.0,100.0,100.0,0.0,0.0,100.0
0.0,100.0,0.0,100.0,100.0,0.0,0.0,100.0
0.0,100.0,0.0,100.0,100.0,0.0,0.0,100.0
0.0,100.0,0.0,100.0,100.0,0.0,0.0,100.0
0.0,100.0,0.0,100.0,100.0,0.0,0.0,100.0
0.0,100.0,0.0,100.0,100.0,0.0,0.0,100.0
0.0,100.0,0.0,100.0,100.0,0.0,0.0,100.0
0.0,100.0,0.0,100.0,100.0,0.0,0.0,100.0
0.0,100.0,0.0,100.0,100.0,0.0,0.0,100.0
0.0,100.0,0.0,100.0,100.0,0.0,0.0,100.0
0.0,100.0,0.0,100.0,100.0,0.0,0.0,100.0
0.0,100.0,0.0,100.0,100.0,0.0,0.0,100.0
0.0,100.0,0.0,100.0,100.0,0.0,0.0,100.0
0.0,100.0,0.0,100.0,100.0,0.0,0.0,100.0
0.0,100.0,0.0,100.0,100.0,0.0,0.0,100.0
0.0,100.0,0.0,100.0,100.0,0.0,0.0,100.0
0.0,100.0,0.0,100.0,100.0,0.0,0.0,100.0
0.0,100.0,0.0,100.0,100.0,0.0,0.0,100.0
0.0,100.0,0.0,100.0,100.0,0.0,0.0,100.0
0.0,100.0,0.0,100.0,100.0,0.0,0.0,100.0
0.0,100.0,0.0,100.0,100.0,0.0,0.0,100.0
0.0,100.0,0.0,100.0,100.0,0.0,0.0,100.0
0.0,100.0,0.0,100.0,100.0,0.0,0.0,100.0
0.0,100.0,0.0,100.0,100.0,0.0,0.0,100.0
0.0,100.0,0.0,100.0,100.0,0.0,0.0,100.0
0.0,100.0,9.1,100.0,100.0,0.0,0.0,100.0
0.0,100.0,0.0,100.0,100.0,0.0,0.0,100.0
0.0,100.0,0.0,100.0,100.0,0.0,0.0,100.0
0.0,100.0,0.0,100.0,100.0,0.0,0.0,100.0
0.0,100.0,0.0,100.0,100.0,0.0,0.0,100.0
0.0,100.0,0.0,100.0,100.0,0.0,0.0,100.0
0.0,100.0,0.0,100.0,100.0,0.0,0.0,100.0
0.0,100.0,9.1,100.0,100.0,0.0,0.0,100.0
0.0,100.0,0.0,100.0,100.0,0.0,0.0,100.0
0.0,100.0,0.0,100.0,100.0,0.0,0.0,100.0
0.0,100.0,0.0,100.0,100.0,0.0,0.0,100.0
0.0,100.0,0.0,100.0,100.0,0.0,0.0,100.0
0.0,100.0,0.0,100.0,100.0,0.0,0.0,100.0
0.0,100.0,0.0,100.0,100.0,0.0,0.0,100.0
0.0,100.0,0.0,100.0,100.0,0.0,0.0,100.0
0.0,100.0,0.0,100.0,100.0,0.0,0.0,100.0
0.0,100.0,0.0,100.0,100.0,0.0,0.0,100.0
0.0,100.0,0.0,100.0,100.0,0.0,0.0,100.0
0.0,44.4,0.0,50.0,37.5,0.0,0.0,44.4
0.0,20.0,20.0,20.0,20.0,0.0,0.0,10.0
0.0,9.1,10.0,0.0,0.0,0.0,0.0,0.0
0.0,0.0,0.0,0.0,0.0,0.0,0.0,0.0
0.0,0.0,0.0,0.0,0.0,0.0,0.0,0.0
0.0,0.0,0.0,0.0,0.0,0.0,0.0,0.0
0.0,0.0,0.0,0.0,0.0,0.0,0.0,0.0
0.0,0.0,0.0,0.0,0.0,0.0,0.0,0.0
0.0,0.0,0.0,0.0,0.0,0.0,0.0,0.0
0.0,0.0,9.1,0.0,0.0,0.0,0.0,0.0
0.0,0.0,0.0,0.0,0.0,0.0,0.0,0.0
0.0,0.0,0.0,0.0,0.0,0.0,0.0,0.0
0.0,0.0,0.0,0.0,0.0,0.0,0.0,0.0
0.0,0.0,0.0,100.0,0.0,0.0,0.0,0.0
0.0,0.0,9.1,100.0,0.0,100.0,0.0,0.0
0.0,20.0,0.0,100.0,0.0,100.0,0.0,0.0
0.0,100.0,0.0,100.0,0.0,100.0,0.0,0.0
0.0,100.0,0.0,100.0,70.0,100.0,0.0,0.0
0.0,100.0,0.0,100.0,100.0,100.0,0.0,0.0
0.0,100.0,0.0,100.0,100.0,100.0,0.0,0.0
0.0,100.0,0.0,100.0,100.0,100.0,0.0,0.0
0.0,100.0,0.0,100.0,100.0,100.0,0.0,0.0
0.0,100.0,0.0,100.0,100.0,100.0,0.0,0.0
0.0,100.0,0.0,100.0,100.0,100.0,0.0,0.0
0.0,100.0,0.0,100.0,100.0,100.0,0.0,0.0
0.0,100.0,0.0,100.0,100.0,100.0,0.0,0.0
0.0,100.0,0.0,100.0,100.0,100.0,0.0,0.0
0.0,100.0,0.0,100.0,100.0,100.0,0.0,0.0
0.0,100.0,0.0,100.0,100.0,100.0,0.0,0.0
0.0,100.0,0.0,100.0,100.0,100.0,0.0,0.0
0.0,100.0,0.0,100.0,100.0,100.0,0.0,0.0
0.0,100.0,0.0,100.0,100.0,100.0,0.0,0.0
0.0,100.0,0.0,100.0,100.0,100.0,0.0,0.0
0.0,100.0,0.0,100.0,100.0,100.0,0.0,0.0
0.0,100.0,0.0,100.0,100.0,100.0,0.0,0.0
0.0,100.0,0.0,100.0,100.0,100.0,0.0,0.0
0.0,100.0,0.0,100.0,100.0,100.0,0.0,0.0
0.0,100.0,0.0,100.0,100.0,100.0,0.0,0.0
0.0,100.0,0.0,100.0,100.0,100.0,0.0,0.0
0.0,100.0,0.0,100.0,100.0,100.0,0.0,0.0
0.0,100.0,0.0,100.0,100.0,100.0,0.0,0.0
0.0,100.0,0.0,100.0,100.0,100.0,0.0,0.0
0.0,100.0,0.0,100.0,100.0,100.0,0.0,0.0
0.0,100.0,0.0,100.0,100.0,100.0,0.0,0.0
0.0,100.0,0.0,100.0,100.0,100.0,0.0,0.0
0.0,100.0,0.0,100.0,100.0,100.0,0.0,0.0
9.1,100.0,0.0,100.0,100.0,100.0,0.0,0.0
0.0,100.0,0.0,100.0,100.0,100.0,0.0,0.0
0.0,100.0,0.0,100.0,100.0,100.0,0.0,0.0
0.0,100.0,0.0,100.0,100.0,100.0,0.0,0.0
0.0,100.0,0.0,100.0,100.0,100.0,0.0,0.0
0.0,100.0,0.0,100.0,100.0,100.0,0.0,0.0
0.0,100.0,0.0,100.0,100.0,100.0,0.0,0.0
0.0,100.0,0.0,100.0,100.0,100.0,0.0,0.0
0.0,100.0,0.0,100.0,100.0,100.0,0.0,0.0
0.0,100.0,0.0,100.0,100.0,100.0,0.0,0.0
0.0,100.0,0.0,100.0,100.0,100.0,0.0,0.0
0.0,100.0,0.0,100.0,100.0,100.0,0.0,0.0
0.0,100.0,0.0,100.0,100.0,100.0,0.0,0.0
0.0,100.0,0.0,100.0,100.0,100.0,0.0,0.0
0.0,70.0,0.0,63.6,63.6,75.0,0.0,10.0
0.0,72.7,0.0,77.8,77.8,70.0,0.0,9.1
0.0,100.0,0.0,100.0,100.0,100.0,0.0,0.0
0.0,100.0,0.0,100.0,100.0,100.0,0.0,0.0
0.0,100.0,0.0,100.0,100.0,100.0,0.0,0.0
0.0,100.0,0.0,100.0,100.0,100.0,0.0,0.0
0.0,100.0,0.0,100.0,100.0,100.0,0.0,0.0
0.0,100.0,0.0,100.0,100.0,100.0,0.0,0.0
0.0,100.0,0.0,100.0,100.0,100.0,0.0,0.0
0.0,100.0,0.0,100.0,100.0,100.0,0.0,0.0
0.0,100.0,0.0,100.0,100.0,100.0,0.0,0.0
0.0,100.0,0.0,100.0,100.0,100.0,0.0,0.0
0.0,100.0,0.0,100.0,100.0,100.0,0.0,0.0
0.0,100.0,0.0,100.0,100.0,100.0,0.0,0.0
0.0,100.0,0.0,100.0,100.0,100.0,0.0,0.0
0.0,100.0,0.0,100.0,100.0,100.0,0.0,0.0
0.0,100.0,0.0,100.0,100.0,100.0,0.0,0.0
0.0,100.0,0.0,100.0,100.0,100.0,0.0,0.0
0.0,100.0,0.0,100.0,100.0,100.0,0.0,0.0
0.0,100.0,0.0,100.0,100.0,100.0,0.0,0.0
0.0,100.0,0.0,100.0,100.0,100.0,0.0,0.0
0.0,100.0,0.0,100.0,100.0,100.0,0.0,0.0
0.0,81.8,0.0,80.0,50.0,22.2,0.0,44.4
0.0,100.0,0.0,100.0,100.0,0.0,0.0,100.0
0.0,100.0,0.0,100.0,100.0,0.0,0.0,100.0
0.0,100.0,0.0,100.0,100.0,0.0,0.0,100.0
0.0,100.0,0.0,100.0,100.0,0.0,0.0,100.0
0.0,55.6,0.0,90.0,54.5,9.1,0.0,70.0
10.0,0.0,0.0,0.0,60.0,50.0,0.0,18.2
0.0,33.3,0.0,0.0,0.0,0.0,0.0,0.0
0.0,0.0,0.0,0.0,0.0,0.0,0.0,0.0
9.1,0.0,0.0,0.0,0.0,0.0,0.0,0.0
0.0,0.0,10.0,0.0,0.0,0.0,0.0,10.0
0.0,0.0,0.0,0.0,0.0,0.0,0.0,9.1
0.0,0.0,0.0,0.0,0.0,0.0,0.0,0.0
0.0,0.0,9.1,0.0,0.0,0.0,0.0,0.0
9.1,0.0,0.0,0.0,0.0,0.0,0.0,0.0
0.0,0.0,0.0,0.0,0.0,0.0,0.0,0.0
9.1,0.0,0.0,0.0,0.0,0.0,0.0,9.1
0.0,0.0,0.0,0.0,0.0,0.0,0.0,0.0
0.0,0.0,0.0,0.0,0.0,0.0,0.0,0.0
9.1,9.1,10.0,60.0,0.0,0.0,0.0,9.1
0.0,36.4,33.3,60.0,55.6,40.0,0.0,0.0
0.0,100.0,100.0,9.1,91.7,90.9,0.0,0.0
0.0,100.0,0.0,100.0,100.0,100.0,0.0,0.0
0.0,100.0,0.0,100.0,100.0,100.0,0.0,0.0
0.0,100.0,0.0,100.0,100.0,100.0,0.0,0.0
0.0,100.0,0.0,100.0,100.0,100.0,0.0,0.0
0.0,100.0,0.0,100.0,100.0,100.0,0.0,0.0
0.0,100.0,0.0,100.0,100.0,100.0,0.0,0.0
0.0,100.0,0.0,100.0,100.0,100.0,0.0,0.0
0.0,100.0,0.0,100.0,100.0,100.0,0.0,0.0
0.0,100.0,0.0,100.0,100.0,100.0,0.0,0.0
0.0,100.0,0.0,100.0,100.0,100.0,0.0,0.0
0.0,100.0,0.0,100.0,100.0,100.0,0.0,0.0
0.0,100.0,0.0,100.0,100.0,100.0,0.0,0.0
0.0,100.0,0.0,100.0,100.0,100.0,0.0,0.0
0.0,100.0,0.0,100.0,100.0,100.0,0.0,0.0
0.0,100.0,0.0,100.0,100.0,100.0,0.0,0.0
0.0,100.0,0.0,100.0,100.0,100.0,0.0,0.0
0.0,100.0,0.0,100.0,100.0,100.0,0.0,0.0
0.0,100.0,0.0,100.0,100.0,100.0,0.0,0.0
0.0,100.0,0.0,100.0,100.0,100.0,0.0,0.0
0.0,100.0,0.0,100.0,100.0,100.0,0.0,0.0
0.0,100.0,0.0,100.0,100.0,100.0,0.0,0.0
0.0,100.0,0.0,100.0,100.0,100.0,0.0,0.0
0.0,100.0,0.0,100.0,100.0,100.0,0.0,0.0
0.0,100.0,0.0,100.0,100.0,100.0,0.0,0.0
0.0,100.0,0.0,100.0,100.0,100.0,0.0,0.0
0.0,100.0,0.0,100.0,100.0,100.0,0.0,0.0
0.0,100.0,9.1,100.0,100.0,100.0,0.0,0.0
0.0,100.0,0.0,100.0,100.0,100.0,0.0,0.0
0.0,100.0,0.0,100.0,100.0,100.0,0.0,0.0
0.0,100.0,0.0,100.0,100.0,100.0,0.0,0.0
0.0,100.0,0.0,100.0,100.0,100.0,0.0,0.0
0.0,100.0,0.0,100.0,100.0,100.0,0.0,0.0
0.0,100.0,0.0,100.0,100.0,100.0,0.0,0.0
0.0,100.0,0.0,100.0,100.0,100.0,0.0,0.0
0.0,100.0,0.0,100.0,100.0,100.0,0.0,0.0
0.0,100.0,0.0,100.0,100.0,100.0,0.0,0.0
0.0,100.0,0.0,100.0,100.0,100.0,0.0,0.0
0.0,100.0,9.1,100.0,100.0,100.0,0.0,0.0
0.0,100.0,0.0,100.0,100.0,100.0,0.0,0.0
0.0,100.0,0.0,100.0,100.0,100.0,0.0,0.0
0.0,100.0,0.0,100.0,100.0,100.0,0.0,0.0
0.0,100.0,0.0,100.0,100.0,100.0,0.0,0.0
0.0,100.0,0.0,100.0,100.0,100.0,0.0,0.0
0.0,100.0,0.0,100.0,100.0,100.0,0.0,0.0
0.0,100.0,0.0,100.0,100.0,100.0,0.0,0.0
0.0,100.0,0.0,100.0,100.0,100.0,0.0,0.0
0.0,100.0,0.0,100.0,100.0,100.0,0.0,0.0
0.0,100.0,0.0,100.0,100.0,100.0,0.0,0.0
0.0,100.0,9.1,100.0,100.0,100.0,0.0,0.0
0.0,100.0,0.0,100.0,100.0,100.0,0.0,0.0
0.0,100.0,0.0,100.0,100.0,100.0,0.0,0.0
0.0,100.0,0.0,100.0,100.0,100.0,0.0,0.0
0.0,100.0,0.0,100.0,100.0,100.0,0.0,0.0
0.0,100.0,0.0,100.0,100.0,100.0,0.0,0.0
0.0,100.0,0.0,100.0,100.0,100.0,0.0,0.0
0.0,100.0,0.0,100.0,100.0,100.0,0.0,0.0
0.0,100.0,0.0,100.0,100.0,100.0,0.0,0.0
0.0,100.0,0.0,100.0,100.0,100.0,0.0,0.0
0.0,100.0,9.1,100.0,100.0,100.0,0.0,0.0
0.0,100.0,0.0,100.0,100.0,100.0,0.0,0.0
0.0,100.0,0.0,100.0,100.0,100.0,0.0,0.0
0.0,100.0,0.0,100.0,100.0,100.0,0.0,0.0
0.0,100.0,0.0,100.0,100.0,100.0,0.0,0.0
0.0,100.0,0.0,100.0,100.0,100.0,0.0,0.0
0.0,100.0,0.0,100.0,100.0,100.0,0.0,0.0
0.0,100.0,0.0,100.0,100.0,100.0,0.0,0.0
0.0,100.0,0.0,100.0,100.0,100.0,0.0,0.0
0.0,100.0,0.0,100.0,100.0,100.0,0.0,0.0
0.0,100.0,0.0,100.0,100.0,100.0,0.0,0.0
0.0,100.0,0.0,100.0,100.0,100.0,0.0,0.0
0.0,100.0,0.0,100.0,100.0,100.0,0.0,0.0
0.0,100.0,0.0,100.0,100.0,100.0,0.0,0.0
0.0,100.0,0.0,100.0,100.0,100.0,0.0,0.0
0.0,100.0,0.0,100.0,100.0,100.0,0.0,0.0
0.0,100.0,0.0,100.0,100.0,100.0,0.0,0.0
0.0,100.0,9.1,100.0,100.0,100.0,0.0,0.0
0.0,100.0,0.0,100.0,100.0,100.0,0.0,0.0
0.0,100.0,0.0,100.0,100.0,100.0,0.0,0.0
0.0,100.0,0.0,100.0,100.0,100.0,0.0,0.0
0.0,100.0,0.0,100.0,100.0,100.0,0.0,0.0
0.0,100.0,0.0,100.0,100.0,100.0,0.0,0.0
0.0,100.0,0.0,100.0,100.0,100.0,0.0,0.0
0.0,100.0,0.0,100.0,100.0,100.0,0.0,0.0
0.0,100.0,0.0,100.0,100.0,100.0,0.0,0.0
0.0,100.0,0.0,100.0,100.0,100.0,0.0,0.0
0.0,100.0,0.0,100.0,100.0,100.0,0.0,0.0
0.0,100.0,0.0,100.0,100.0,100.0,0.0,0.0
0.0,100.0,0.0,100.0,100.0,100.0,0.0,0.0
0.0,100.0,0.0,100.0,100.0,100.0,0.0,0.0
0.0,100.0,0.0,100.0,100.0,100.0,0.0,0.0
0.0,100.0,0.0,100.0,100.0,100.0,0.0,0.0
0.0,100.0,0.0,100.0,100.0,100.0,0.0,0.0
0.0,100.0,0.0,100.0,100.0,100.0,0.0,0.0
0.0,100.0,0.0,100.0,100.0,100.0,0.0,0.0
0.0,100.0,0.0,100.0,100.0,100.0,0.0,0.0
0.0,100.0,0.0,100.0,100.0,100.0,0.0,0.0
0.0,100.0,0.0,100.0,100.0,100.0,0.0,0.0
0.0,100.0,0.0,100.0,100.0,100.0,0.0,0.0
0.0,100.0,0.0,100.0,100.0,100.0,0.0,0.0
0.0,100.0,0.0,100.0,100.0,100.0,0.0,0.0
0.0,100.0,0.0,100.0,100.0,100.0,0.0,0.0
0.0,100.0,0.0,100.0,100.0,100.0,0.0,0.0
0.0,100.0,0.0,100.0,100.0,100.0,0.0,0.0
0.0,100.0,0.0,100.0,100.0,100.0,0.0,0.0
0.0,100.0,0.0,100.0,100.0,100.0,0.0,0.0
0.0,100.0,0.0,100.0,100.0,100.0,0.0,0.0
0.0,100.0,0.0,100.0,100.0,100.0,0.0,0.0
0.0,70.0,0.0,77.8,77.8,80.0,0.0,10.0
0.0,9.1,20.0,10.0,0.0,0.0,0.0,18.2
10.0,0.0,18.2,10.0,0.0,0.0,0.0,0.0
0.0,0.0,0.0,0.0,0.0,0.0,0.0,0.0
0.0,0.0,0.0,0.0,0.0,0.0,0.0,0.0
0.0,9.1,0.0,0.0,0.0,9.1,0.0,0.0
0.0,0.0,0.0,0.0,0.0,0.0,0.0,0.0
0.0,0.0,0.0,0.0,0.0,0.0,0.0,0.0
0.0,0.0,0.0,0.0,9.1,0.0,0.0,0.0
0.0,0.0,0.0,0.0,0.0,0.0,0.0,0.0
0.0,0.0,0.0,0.0,0.0,0.0,0.0,9.1
0.0,0.0,0.0,9.1,0.0,0.0,0.0,0.0
0.0,0.0,0.0,0.0,0.0,0.0,0.0,0.0
0.0,0.0,0.0,0.0,0.0,0.0,0.0,0.0
0.0,0.0,0.0,0.0,0.0,0.0,0.0,0.0
0.0,0.0,9.1,0.0,0.0,0.0,0.0,0.0
0.0,0.0,0.0,90.9,0.0,0.0,0.0,60.0
0.0,0.0,0.0,100.0,0.0,0.0,0.0,100.0
0.0,0.0,0.0,100.0,22.2,0.0,0.0,100.0
0.0,9.1,0.0,100.0,100.0,0.0,0.0,100.0
0.0,100.0,0.0,100.0,100.0,0.0,0.0,100.0
0.0,100.0,0.0,100.0,100.0,0.0,0.0,100.0
0.0,100.0,0.0,100.0,100.0,0.0,0.0,100.0
0.0,100.0,0.0,100.0,100.0,0.0,0.0,100.0
0.0,100.0,0.0,100.0,100.0,0.0,0.0,100.0
0.0,100.0,0.0,100.0,100.0,0.0,0.0,100.0
0.0,100.0,0.0,100.0,100.0,0.0,0.0,100.0
0.0,100.0,0.0,100.0,100.0,0.0,0.0,100.0
0.0,100.0,0.0,100.0,100.0,0.0,0.0,100.0
0.0,100.0,0.0,100.0,100.0,0.0,0.0,100.0
0.0,100.0,0.0,100.0,100.0,0.0,0.0,100.0
0.0,100.0,0.0,100.0,100.0,0.0,0.0,100.0
0.0,100.0,0.0,100.0,100.0,0.0,0.0,100.0
0.0,100.0,0.0,100.0,100.0,9.1,0.0,100.0
0.0,100.0,0.0,100.0,100.0,0.0,0.0,100.0
0.0,100.0,0.0,100.0,100.0,0.0,0.0,100.0
0.0,100.0,0.0,100.0,100.0,0.0,0.0,100.0
0.0,100.0,0.0,100.0,100.0,0.0,0.0,100.0
0.0,100.0,0.0,100.0,100.0,0.0,0.0,100.0
0.0,100.0,0.0,100.0,100.0,0.0,0.0,100.0
0.0,100.0,0.0,100.0,100.0,0.0,0.0,100.0
0.0,100.0,0.0,100.0,100.0,0.0,0.0,100.0
0.0,100.0,0.0,100.0,100.0,0.0,0.0,100.0
0.0,100.0,0.0,100.0,100.0,0.0,0.0,100.0
0.0,100.0,0.0,100.0,100.0,0.0,0.0,100.0
0.0,100.0,0.0,100.0,100.0,0.0,0.0,100.0
0.0,100.0,0.0,100.0,100.0,0.0,0.0,100.0
0.0,100.0,0.0,100.0,100.0,0.0,0.0,100.0
0.0,100.0,0.0,100.0,100.0,0.0,0.0,100.0
0.0,100.0,0.0,100.0,100.0,0.0,0.0,100.0
0.0,100.0,0.0,100.0,100.0,0.0,0.0,100.0
0.0,100.0,0.0,100.0,100.0,0.0,0.0,100.0
0.0,100.0,0.0,100.0,100.0,0.0,0.0,100.0
0.0,100.0,0.0,100.0,100.0,0.0,0.0,100.0
0.0,100.0,0.0,100.0,100.0,0.0,0.0,100.0
0.0,100.0,0.0,100.0,100.0,0.0,0.0,100.0
0.0,100.0,0.0,100.0,100.0,0.0,0.0,100.0
0.0,55.6,0.0,66.7,66.7,10.0,0.0,62.5
0.0,80.0,0.0,70.0,75.0,0.0,0.0,70.0
0.0,100.0,0.0,100.0,100.0,0.0,0.0,100.0
0.0,100.0,0.0,100.0,100.0,0.0,0.0,100.0
0.0,100.0,0.0,100.0,100.0,0.0,0.0,100.0
0.0,100.0,0.0,100.0,100.0,0.0,0.0,100.0
9.1,100.0,0.0,100.0,100.0,0.0,0.0,100.0
0.0,100.0,9.1,100.0,100.0,9.1,0.0,100.0
0.0,100.0,0.0,100.0,100.0,0.0,0.0,100.0
0.0,100.0,0.0,100.0,100.0,0.0,0.0,100.0
0.0,100.0,0.0,100.0,100.0,0.0,0.0,100.0
0.0,100.0,0.0,100.0,100.0,0.0,0.0,100.0
0.0,100.0,0.0,100.0,100.0,0.0,0.0,100.0
0.0,100.0,0.0,100.0,100.0,0.0,0.0,100.0
0.0,100.0,0.0,100.0,100.0,0.0,0.0,100.0
0.0,100.0,0.0,100.0,100.0,0.0,0.0,100.0
0.0,100.0,0.0,100.0,100.0,0.0,0.0,100.0
9.1,100.0,0.0,100.0,100.0,0.0,0.0,100.0
0.0,100.0,0.0,100.0,100.0,0.0,0.0,100.0
0.0,100.0,0.0,100.0,100.0,0.0,0.0,100.0
0.0,100.0,0.0,100.0,100.0,0.0,0.0,100.0
0.0,100.0,0.0,100.0,100.0,0.0,0.0,100.0
0.0,100.0,0.0,100.0,100.0,0.0,0.0,100.0
0.0,100.0,0.0,100.0,100.0,0.0,0.0,100.0
0.0,70.0,0.0,66.7,88.9,0.0,0.0,90.9
0.0,66.7,0.0,30.0,100.0,0.0,0.0,100.0
0.0,100.0,0.0,100.0,100.0,0.0,0.0,100.0
0.0,100.0,0.0,100.0,100.0,0.0,0.0,100.0
0.0,100.0,0.0,100.0,100.0,0.0,0.0,100.0
0.0,40.0,0.0,40.0,36.4,0.0,0.0,40.0
0.0,0.0,0.0,40.0,40.0,0.0,0.0,10.0
9.1,60.0,45.5,30.0,33.3,0.0,10.0,30.0
0.0,0.0,0.0,0.0,0.0,0.0,0.0,0.0
0.0,0.0,0.0,0.0,0.0,0.0,0.0,9.1
0.0,0.0,0.0,0.0,0.0,0.0,0.0,0.0
0.0,0.0,0.0,0.0,0.0,0.0,0.0,0.0
0.0,0.0,0.0,0.0,0.0,0.0,0.0,0.0
0.0,0.0,0.0,0.0,0.0,0.0,0.0,0.0
0.0,0.0,0.0,0.0,0.0,0.0,0.0,0.0
0.0,0.0,0.0,0.0,0.0,0.0,0.0,0.0
0.0,0.0,0.0,0.0,0.0,0.0,0.0,0.0
0.0,0.0,0.0,0.0,0.0,0.0,0.0,0.0
0.0,0.0,0.0,0.0,0.0,0.0,0.0,0.0
9.1,0.0,0.0,0.0,0.0,0.0,0.0,0.0
0.0,0.0,0.0,0.0,0.0,0.0,0.0,0.0
0.0,0.0,0.0,0.0,0.0,0.0,0.0,0.0
0.0,0.0,0.0,0.0,0.0,0.0,0.0,0.0
0.0,0.0,0.0,0.0,0.0,0.0,0.0,0.0
0.0,0.0,0.0,0.0,0.0,0.0,0.0,0.0
0.0,0.0,0.0,0.0,0.0,0.0,0.0,0.0
0.0,0.0,0.0,0.0,0.0,0.0,0.0,9.1
0.0,0.0,0.0,0.0,0.0,0.0,0.0,0.0
0.0,0.0,0.0,0.0,0.0,0.0,0.0,0.0
0.0,0.0,0.0,0.0,0.0,0.0,0.0,0.0
0.0,0.0,9.1,0.0,0.0,0.0,0.0,0.0
0.0,0.0,0.0,80.0,0.0,0.0,0.0,0.0
9.1,0.0,0.0,100.0,0.0,0.0,0.0,0.0
0.0,0.0,0.0,100.0,10.0,0.0,0.0,0.0
0.0,50.0,0.0,100.0,100.0,0.0,0.0,0.0
0.0,100.0,100.0,100.0,100.0,0.0,0.0,0.0
0.0,100.0,100.0,100.0,100.0,0.0,0.0,0.0
0.0,100.0,100.0,100.0,100.0,0.0,0.0,0.0
0.0,100.0,100.0,100.0,100.0,0.0,0.0,0.0
0.0,30.0,36.4,30.0,100.0,0.0,0.0,0.0
0.0,0.0,50.0,0.0,100.0,0.0,0.0,0.0
0.0,90.9,100.0,100.0,100.0,0.0,0.0,0.0
0.0,100.0,100.0,100.0,100.0,0.0,0.0,0.0
0.0,100.0,100.0,100.0,100.0,0.0,0.0,0.0
0.0,100.0,100.0,100.0,100.0,0.0,0.0,0.0
0.0,100.0,100.0,100.0,100.0,0.0,0.0,0.0
0.0,100.0,100.0,100.0,100.0,0.0,0.0,0.0
0.0,100.0,100.0,100.0,100.0,0.0,0.0,0.0
0.0,100.0,100.0,100.0,100.0,0.0,0.0,0.0
0.0,100.0,100.0,100.0,100.0,0.0,0.0,0.0
0.0,100.0,100.0,100.0,100.0,0.0,0.0,0.0
0.0,100.0,100.0,100.0,100.0,0.0,0.0,0.0
0.0,100.0,100.0,100.0,100.0,0.0,0.0,0.0
0.0,100.0,100.0,100.0,100.0,0.0,0.0,0.0
0.0,100.0,100.0,100.0,100.0,0.0,0.0,0.0
0.0,100.0,100.0,100.0,100.0,0.0,0.0,0.0
0.0,100.0,0.0,100.0,100.0,100.0,0.0,0.0
0.0,100.0,0.0,100.0,100.0,100.0,0.0,0.0
0.0,100.0,0.0,100.0,100.0,100.0,0.0,0.0
0.0,100.0,0.0,100.0,100.0,100.0,0.0,0.0
0.0,100.0,0.0,100.0,100.0,100.0,0.0,0.0
0.0,100.0,0.0,100.0,100.0,100.0,0.0,0.0
0.0,100.0,0.0,100.0,100.0,100.0,0.0,0.0
0.0,30.0,30.0,22.2,30.0,9.1,0.0,0.0
9.1,0.0,0.0,0.0,0.0,0.0,0.0,0.0
0.0,0.0,0.0,0.0,0.0,0.0,0.0,0.0
0.0,0.0,0.0,0.0,0.0,0.0,0.0,0.0
0.0,0.0,0.0,0.0,0.0,0.0,0.0,0.0
0.0,0.0,0.0,0.0,0.0,0.0,0.0,0.0
0.0,0.0,0.0,0.0,0.0,0.0,0.0,0.0
0.0,0.0,0.0,0.0,0.0,0.0,0.0,0.0
0.0,0.0,0.0,0.0,0.0,0.0,0.0,0.0
0.0,0.0,0.0,0.0,0.0,0.0,0.0,0.0
0.0,0.0,0.0,0.0,0.0,0.0,0.0,0.0
0.0,0.0,0.0,0.0,0.0,0.0,0.0,0.0
0.0,0.0,0.0,0.0,0.0,0.0,0.0,0.0
0.0,0.0,0.0,0.0,0.0,0.0,0.0,0.0
0.0,0.0,0.0,0.0,0.0,0.0,0.0,0.0
0.0,0.0,0.0,0.0,0.0,0.0,0.0,0.0
0.0,0.0,0.0,0.0,0.0,0.0,0.0,0.0
0.0,0.0,0.0,0.0,0.0,0.0,0.0,0.0
0.0,0.0,0.0,0.0,0.0,0.0,0.0,0.0
0.0,0.0,0.0,0.0,0.0,0.0,0.0,0.0
0.0,0.0,0.0,0.0,0.0,0.0,0.0,0.0
0.0,0.0,0.0,0.0,0.0,0.0,0.0,0.0
0.0,0.0,0.0,0.0,0.0,0.0,0.0,0.0
0.0,0.0,0.0,0.0,0.0,0.0,0.0,0.0
0.0,0.0,0.0,0.0,0.0,0.0,0.0,0.0
0.0,0.0,0.0,0.0,0.0,0.0,0.0,0.0
0.0,0.0,0.0,0.0,0.0,0.0,0.0,0.0
0.0,0.0,0.0,0.0,0.0,0.0,0.0,0.0
0.0,0.0,0.0,0.0,0.0,0.0,0.0,0.0
0.0,0.0,0.0,0.0,0.0,0.0,0.0,0.0
0.0,0.0,0.0,0.0,0.0,0.0,0.0,0.0
0.0,0.0,0.0,0.0,0.0,0.0,0.0,0.0
0.0,0.0,0.0,0.0,0.0,0.0,0.0,0.0
0.0,0.0,0.0,0.0,0.0,0.0,0.0,0.0
0.0,0.0,0.0,0.0,0.0,0.0,0.0,0.0
0.0,0.0,0.0,0.0,0.0,0.0,0.0,0.0
0.0,0.0,0.0,0.0,0.0,0.0,0.0,0.0
0.0,0.0,0.0,0.0,0.0,0.0,0.0,0.0
0.0,0.0,0.0,0.0,0.0,0.0,0.0,0.0
0.0,0.0,0.0,0.0,0.0,0.0,0.0,0.0
0.0,0.0,0.0,0.0,0.0,0.0,0.0,0.0
0.0,0.0,0.0,0.0,0.0,0.0,0.0,0.0
0.0,0.0,0.0,0.0,0.0,0.0,0.0,0.0
0.0,0.0,0.0,0.0,0.0,0.0,0.0,0.0
0.0,0.0,0.0,0.0,0.0,0.0,0.0,0.0
0.0,0.0,0.0,0.0,0.0,0.0,0.0,0.0
0.0,0.0,0.0,0.0,0.0,0.0,0.0,0.0
0.0,0.0,0.0,0.0,0.0,0.0,0.0,0.0
0.0,0.0,0.0,0.0,0.0,0.0,0.0,0.0
0.0,0.0,0.0,0.0,0.0,0.0,0.0,0.0
0.0,0.0,0.0,0.0,0.0,0.0,0.0,0.0
0.0,0.0,0.0,0.0,0.0,0.0,0.0,0.0
0.0,0.0,0.0,0.0,0.0,0.0,0.0,0.0
0.0,0.0,0.0,0.0,0.0,0.0,0.0,0.0
0.0,0.0,0.0,0.0,0.0,0.0,0.0,0.0
0.0,0.0,0.0,0.0,0.0,0.0,0.0,0.0
0.0,0.0,0.0,0.0,0.0,0.0,0.0,0.0
0.0,0.0,0.0,0.0,0.0,0.0,0.0,0.0
0.0,0.0,0.0,0.0,0.0,0.0,0.0,0.0
0.0,0.0,0.0,0.0,0.0,0.0,0.0,0.0
0.0,0.0,0.0,0.0,0.0,0.0,0.0,0.0
0.0,0.0,0.0,0.0,0.0,0.0,0.0,0.0
0.0,0.0,0.0,0.0,0.0,0.0,0.0,0.0
0.0,0.0,0.0,0.0,0.0,0.0,0.0,0.0
0.0,0.0,0.0,0.0,0.0,0.0,0.0,0.0
0.0,0.0,0.0,0.0,0.0,0.0,0.0,0.0
0.0,0.0,0.0,0.0,0.0,0.0,0.0,0.0
0.0,0.0,0.0,0.0,0.0,0.0,0.0,0.0
0.0,0.0,0.0,0.0,0.0,0.0,0.0,0.0
0.0,0.0,0.0,0.0,0.0,0.0,0.0,0.0
0.0,0.0,0.0,0.0,0.0,0.0,0.0,0.0
0.0,0.0,0.0,0.0,0.0,0.0,0.0,0.0
0.0,0.0,0.0,0.0,0.0,0.0,0.0,0.0
0.0,0.0,0.0,0.0,0.0,0.0,0.0,0.0
0.0,0.0,0.0,0.0,0.0,0.0,0.0,0.0
0.0,0.0,0.0,0.0,0.0,0.0,0.0,0.0
0.0,0.0,0.0,0.0,0.0,0.0,0.0,0.0
0.0,0.0,0.0,0.0,0.0,0.0,0.0,0.0
0.0,0.0,0.0,0.0,0.0,0.0,0.0,0.0
0.0,0.0,0.0,0.0,0.0,0.0,0.0,0.0
0.0,0.0,0.0,0.0,0.0,0.0,0.0,0.0
0.0,0.0,0.0,0.0,0.0,0.0,0.0,0.0
0.0,0.0,0.0,0.0,0.0,0.0,0.0,0.0
0.0,0.0,0.0,0.0,0.0,0.0,0.0,0.0
0.0,0.0,0.0,0.0,0.0,0.0,0.0,0.0
0.0,0.0,0.0,0.0,0.0,0.0,0.0,0.0
0.0,0.0,0.0,0.0,0.0,0.0,0.0,0.0
0.0,0.0,0.0,0.0,0.0,0.0,0.0,0.0
0.0,0.0,0.0,0.0,0.0,0.0,0.0,0.0
0.0,0.0,0.0,0.0,0.0,0.0,0.0,0.0
0.0,0.0,0.0,0.0,0.0,0.0,0.0,0.0
0.0,0.0,0.0,0.0,0.0,0.0,0.0,0.0
0.0,0.0,0.0,0.0,0.0,0.0,0.0,0.0
0.0,0.0,0.0,0.0,0.0,0.0,0.0,0.0
0.0,0.0,0.0,0.0,0.0,0.0,0.0,0.0
0.0,0.0,0.0,0.0,0.0,0.0,0.0,0.0
0.0,0.0,0.0,0.0,0.0,0.0,0.0,0.0
0.0,0.0,0.0,0.0,0.0,0.0,0.0,0.0
0.0,0.0,0.0,0.0,0.0,0.0,0.0,0.0
0.0,0.0,0.0,0.0,0.0,0.0,0.0,0.0
0.0,0.0,0.0,0.0,0.0,0.0,0.0,0.0
0.0,0.0,0.0,0.0,0.0,0.0,0.0,0.0
0.0,0.0,0.0,0.0,0.0,0.0,0.0,0.0
0.0,0.0,0.0,0.0,0.0,0.0,0.0,0.0
0.0,0.0,0.0,0.0,0.0,0.0,0.0,0.0
0.0,0.0,0.0,0.0,0.0,0.0,0.0,0.0
0.0,0.0,0.0,0.0,0.0,0.0,0.0,0.0
0.0,0.0,0.0,0.0,0.0,0.0,0.0,0.0
0.0,0.0,0.0,0.0,0.0,0.0,0.0,0.0
0.0,0.0,0.0,0.0,0.0,0.0,0.0,0.0
0.0,0.0,0.0,0.0,0.0,0.0,0.0,0.0
0.0,0.0,0.0,0.0,0.0,0.0,0.0,0.0
0.0,0.0,0.0,0.0,0.0,0.0,0.0,0.0
0.0,0.0,0.0,0.0,0.0,0.0,0.0,0.0
0.0,0.0,0.0,0.0,0.0,0.0,0.0,0.0
0.0,0.0,0.0,0.0,0.0,0.0,0.0,0.0
0.0,0.0,0.0,0.0,0.0,0.0,0.0,0.0
0.0,0.0,0.0,0.0,0.0,0.0,0.0,0.0
0.0,0.0,0.0,0.0,0.0,0.0,0.0,0.0
0.0,0.0,0.0,0.0,0.0,0.0,0.0,0.0
0.0,0.0,0.0,0.0,0.0,0.0,0.0,0.0
0.0,0.0,0.0,0.0,0.0,0.0,0.0,0.0
0.0,0.0,0.0,0.0,0.0,0.0,0.0,0.0
0.0,0.0,0.0,0.0,0.0,0.0,0.0,0.0
0.0,0.0,0.0,0.0,0.0,0.0,0.0,0.0
0.0,0.0,0.0,0.0,0.0,0.0,0.0,0.0
0.0,0.0,0.0,0.0,0.0,0.0,0.0,0.0
0.0,0.0,0.0,0.0,0.0,0.0,0.0,0.0
0.0,0.0,0.0,0.0,0.0,0.0,0.0,0.0
0.0,0.0,0.0,0.0,0.0,0.0,0.0,0.0
0.0,0.0,0.0,0.0,0.0,0.0,0.0,0.0
0.0,0.0,0.0,0.0,0.0,0.0,0.0,0.0
0.0,0.0,0.0,0.0,0.0,0.0,0.0,0.0
0.0,0.0,0.0,0.0,0.0,0.0,0.0,0.0
0.0,0.0,9.1,0.0,0.0,0.0,0.0,0.0
0.0,0.0,0.0,0.0,0.0,0.0,0.0,0.0
0.0,0.0,0.0,0.0,0.0,0.0,0.0,0.0
0.0,0.0,0.0,0.0,0.0,0.0,0.0,0.0
0.0,0.0,0.0,0.0,0.0,0.0,0.0,0.0
0.0,0.0,0.0,0.0,0.0,0.0,0.0,0.0
0.0,0.0,0.0,0.0,0.0,0.0,0.0,0.0
0.0,0.0,0.0,0.0,0.0,0.0,0.0,0.0
0.0,0.0,0.0,0.0,0.0,0.0,0.0,0.0
0.0,0.0,0.0,0.0,0.0,0.0,0.0,0.0
0.0,0.0,0.0,0.0,0.0,0.0,0.0,0.0
0.0,0.0,0.0,0.0,0.0,0.0,0.0,0.0
0.0,0.0,0.0,0.0,0.0,0.0,0.0,0.0
0.0,0.0,0.0,0.0,0.0,0.0,0.0,0.0
0.0,0.0,0.0,0.0,0.0,0.0,0.0,0.0
0.0,0.0,0.0,0.0,0.0,0.0,0.0,0.0
0.0,0.0,0.0,0.0,0.0,0.0,0.0,0.0
0.0,0.0,0.0,0.0,0.0,0.0,0.0,0.0
0.0,0.0,0.0,0.0,0.0,0.0,0.0,0.0
0.0,0.0,0.0,0.0,0.0,0.0,0.0,0.0
0.0,0.0,0.0,0.0,0.0,0.0,0.0,0.0
0.0,0.0,0.0,0.0,0.0,0.0,0.0,0.0
0.0,0.0,0.0,0.0,0.0,0.0,0.0,0.0
0.0,0.0,0.0,0.0,0.0,0.0,0.0,0.0
0.0,0.0,0.0,0.0,0.0,0.0,0.0,0.0
0.0,0.0,0.0,0.0,0.0,0.0,0.0,0.0
0.0,0.0,0.0,0.0,0.0,0.0,0.0,0.0
0.0,0.0,0.0,0.0,0.0,0.0,0.0,0.0
0.0,0.0,0.0,0.0,0.0,0.0,0.0,0.0
0.0,0.0,0.0,0.0,0.0,0.0,0.0,0.0
0.0,0.0,0.0,0.0,0.0,0.0,0.0,0.0
0.0,0.0,0.0,0.0,0.0,0.0,0.0,0.0
0.0,0.0,0.0,0.0,0.0,0.0,0.0,0.0
0.0,0.0,0.0,0.0,0.0,0.0,0.0,0.0
0.0,0.0,0.0,0.0,0.0,0.0,0.0,0.0
0.0,0.0,0.0,0.0,0.0,0.0,0.0,0.0
0.0,0.0,0.0,0.0,0.0,0.0,0.0,0.0
0.0,0.0,0.0,0.0,0.0,0.0,0.0,0.0
0.0,0.0,0.0,0.0,0.0,0.0,0.0,0.0
0.0,0.0,0.0,0.0,0.0,0.0,0.0,0.0
