BB size: 5
75775 4225 75497
0.0528125
29571 50429 24662
0.6303625
25745 54255 20157
0.6781875
38102 41898 34550
0.523725
BB size: 7
74352 5648 73965
0.0706
21631 58369 14752
0.7296125
19212 60788 11367
0.75985
28230 51770 23253
0.647125
BB size: 9
72694 7306 72200
0.091325
17150 62850 8306
0.785625
16330 63670 6248
0.795875
22693 57307 16303
0.7163375
BB size: 11
70919 9081 70315
0.1135125
15225 64775 4407
0.8096875
12960 67040 631
0.838
19131 60869 11317
0.7608625
BB size: 13
69352 10648 68639
0.1331
12695 67305 0
0.8413125
12800 67200 0
0.84
16795 63205 7561
0.7900625
BB size: 15
67875 12125 67053
0.1515625
12645 67355 0
0.8419375
12530 67470 0
0.843375
16131 63869 5471
0.7983625
BB size: 17
66756 13244 65827
0.16555
12640 67360 0
0.842
12900 67100 0
0.83875
12707 67293 637
0.8411625
BB size: 19
64740 15260 63701
0.19075
12715 67285 0
0.8410625
12520 67480 0
0.8435
12825 67175 0
0.8396875
BB size: 21
63397 16603 62249
0.2075375
12400 67600 0
0.845
12545 67455 0
0.8431875
12710 67290 0
0.841125
BB size: 23
62272 17728 61015
0.2216
12765 67235 0
0.8404375
12640 67360 0
0.842
12870 67130 0
0.839125
BB size: 25
61382 18618 60018
0.232725
12785 67215 0
0.8401875
12575 67425 0
0.8428125
12540 67460 0
0.84325
BB size: 27
58643 21357 57172
0.2669625
12790 67210 0
0.840125
12780 67220 0
0.84025
12725 67275 0
0.8409375
BB size: 29
57900 22100 56320
0.27625
12760 67240 0
0.8405
12445 67555 0
0.8444375
12640 67360 0
0.842
