BB size: 5
758474 41526 758196
0.0519075
278907 521093 274003
0.65136625
248814 551186 243212
0.6889825
368264 431736 364712
0.53967
BB size: 10
717975 82025 717431
0.10253125
121903 678097 112081
0.84762125
95995 704005 84783
0.88000625
189365 610635 182242
0.76329375
BB size: 15
678617 121383 677795
0.15172875
41291 758709 26540
0.94838625
16760 783240 0
0.97905
107183 692817 96516
0.86602125
BB size: 20
641376 158624 640283
0.19828
16765 783235 0
0.97904375
16765 783235 0
0.97904375
49251 750749 35028
0.93843625
BB size: 25
603476 196524 602112
0.245655
16765 783235 0
0.97904375
16765 783235 0
0.97904375
16765 783235 0
0.97904375
BB size: 30
568036 231964 566398
0.289955
16765 783235 0
0.97904375
16765 783235 0
0.97904375
16765 783235 0
0.97904375
