BB size: 5
78686 1314 78653
0.016425
57007 22993 56507
0.2874125
53069 26931 52498
0.3366375
63147 16853 62785
0.2106625
BB size: 10
77520 2480 77461
0.031
32566 47434 31574
0.592925
26042 53958 24889
0.674475
45606 34394 44895
0.429925
BB size: 15
76061 3939 75973
0.0492375
9973 70027 8489
0.8753375
1680 78320 0
0.979
29908 50092 28847
0.62615
BB size: 20
74966 5034 74852
0.062925
1680 78320 0
0.979
1680 78320 0
0.979
12775 67225 11349
0.8403125
BB size: 5
78699 1301 78421
0.0162625
57296 22704 52370
0.2838
54379 25621 48762
0.3202625
63683 16317 60124
0.2039625
BB size: 10
77397 2603 76848
0.0325375
36797 43203 26965
0.5400375
31670 48330 20456
0.604125
48018 31982 40913
0.399775
BB size: 15
76023 3977 75201
0.0497125
20386 59614 5634
0.745175
16620 63380 0
0.79225
33360 46640 22681
0.583
BB size: 20
74833 5167 73740
0.0645875
16605 63395 0
0.7924375
16610 63390 0
0.792375
21860 58140 7636
0.72675
