BB size: 5
75795 4205 75517
0.0525625
29723 50277 24815
0.6284625
26491 53509 20897
0.6688625
37744 42256 34195
0.5282
BB size: 10
71369 8631 70820
0.1078875
16570 63430 6753
0.792875
15165 64835 3966
0.8104375
21125 58875 14016
0.7359375
BB size: 15
67961 12039 67139
0.1504875
12750 67250 0
0.840625
12575 67425 0
0.8428125
15325 64675 4661
0.8084375
BB size: 20
64179 15821 63091
0.1977625
12665 67335 0
0.8416875
12575 67425 0
0.8428125
12750 67250 0
0.840625
BB size: 25
60388 19612 59024
0.24515
12600 67400 0
0.8425
12740 67260 0
0.84075
12780 67220 0
0.84025
BB size: 30
57316 22684 55678
0.28355
12655 67345 0
0.8418125
12500 67500 0
0.84375
12805 67195 0
0.8399375
