BB size: 5
76015 3985 75740
0.0498125
BB size: 10
71659 8341 71110
0.1042625
BB size: 15
67859 12141 67037
0.1517625
BB size: 20
64465 15535 63379
0.1941875
BB size: 25
60388 19612 59024
0.24515
BB size: 30
57082 22918 55444
0.286475
BB size: 35
53608 26392 51704
0.3299
BB size: 40
50815 29185 48635
0.3648125
BB size: 45
47533 32467 45085
0.4058375
BB size: 50
44592 35408 41868
0.4426
BB size: 55
42170 37830 39173
0.472875
BB size: 60
40283 39717 37015
0.4964625
BB size: 65
38069 41931 34535
0.5241375
BB size: 70
36211 43789 32398
0.5473625
BB size: 75
34475 45525 30396
0.5690625
BB size: 80
32465 47535 28115
0.5941875
BB size: 85
31370 48630 26744
0.607875
BB size: 90
29321 50679 24424
0.6334875
BB size: 95
28357 51643 23189
0.6455375
BB size: 100
26936 53064 21495
0.6633
BB size: 105
25732 54268 20017
0.67835
BB size: 110
25107 54893 19117
0.6861625
BB size: 115
23467 56533 17212
0.7066625
BB size: 120
22912 57088 16386
0.7136
BB size: 125
22122 57878 15326
0.723475
BB size: 130
20826 59174 13757
0.739675
BB size: 135
19772 60228 12427
0.75285
BB size: 140
20000 60000 12387
0.75
BB size: 145
18770 61230 10883
0.765375
BB size: 150
18567 61433 10412
0.7679125
BB size: 155
17330 62670 8901
0.783375
BB size: 160
17175 62825 8474
0.7853125
BB size: 165
17100 62900 8127
0.78625
BB size: 170
16785 63215 7541
0.7901875
BB size: 175
16725 63275 7207
0.7909375
BB size: 180
16786 63214 6997
0.790175
BB size: 185
16185 63815 6126
0.7976875
BB size: 190
16430 63570 6097
0.794625
BB size: 195
15885 64115 5281
0.8014375
BB size: 200
15252 64748 4377
0.80935
BB size: 205
14905 65095 3757
0.8136875
BB size: 210
14780 65220 3361
0.81525
BB size: 215
13835 66165 2137
0.8270625
BB size: 220
12666 67334 702
0.841675
BB size: 225
13235 66765 1001
0.8345625
BB size: 230
13187 66813 682
0.8351625
BB size: 235
12545 67455 0
0.8431875
BB size: 240
12665 67335 0
0.8416875
BB size: 245
12715 67285 0
0.8410625
BB size: 250
12895 67105 0
0.8388125
BB size: 255
12745 67255 0
0.8406875
BB size: 260
12775 67225 0
0.8403125
BB size: 265
12680 67320 0
0.8415
BB size: 270
12800 67200 0
0.84
BB size: 275
12835 67165 0
0.8395625
BB size: 280
12615 67385 0
0.8423125
BB size: 285
12615 67385 0
0.8423125
BB size: 290
12630 67370 0
0.842125
BB size: 295
12580 67420 0
0.84275
BB size: 300
12515 67485 0
0.8435625
