BB size: 5
75237 4763 74964
0.0595375
23028 56972 18095
0.71215
19600 60400 13966
0.755
31630 48370 28043
0.604625
BB size: 10
70726 9274 70175
0.115925
11245 68755 1311
0.8594375
10550 69450 0
0.868125
14700 65300 7498
0.81625
BB size: 15
66630 13370 65813
0.167125
10455 69545 0
0.8693125
10215 69785 0
0.8723125
10070 69930 0
0.874125
BB size: 20
61970 18030 60877
0.225375
10480 69520 0
0.869
10420 69580 0
0.86975
10565 69435 0
0.8679375
BB size: 25
57330 22670 55966
0.283375
10300 69700 0
0.87125
10390 69610 0
0.870125
10320 69680 0
0.871
BB size: 30
54169 25831 52539
0.3228875
10390 69610 0
0.870125
10250 69750 0
0.871875
10510 69490 0
0.868625
BB size: 5
74741 5259 74463
0.0657375
22681 57319 17746
0.7164875
19533 60467 13899
0.7558375
31723 48277 28144
0.6034625
BB size: 10
70754 9246 70205
0.115575
10660 69340 731
0.86675
10290 69710 0
0.871375
14580 65420 7376
0.81775
BB size: 15
66313 13687 65491
0.1710875
10170 69830 0
0.872875
10375 69625 0
0.8703125
10385 69615 0
0.8701875
BB size: 20
61773 18227 60680
0.2278375
10210 69790 0
0.872375
10330 69670 0
0.870875
10420 69580 0
0.86975
BB size: 25
57497 22503 56133
0.2812875
10260 69740 0
0.87175
10475 69525 0
0.8690625
10480 69520 0
0.869
BB size: 30
53590 26410 51952
0.330125
10280 69720 0
0.8715
10325 69675 0
0.8709375
10535 69465 0
0.8683125
BB size: 5
75239 4761 74961
0.0595125
23506 56494 18564
0.706175
19579 60421 13952
0.7552625
31994 48006 28413
0.600075
BB size: 10
70939 9061 70390
0.1132625
10655 69345 724
0.8668125
10340 69660 0
0.87075
15178 64822 7967
0.810275
BB size: 15
66451 13549 65629
0.1693625
10330 69670 0
0.870875
10225 69775 0
0.8721875
10430 69570 0
0.869625
BB size: 20
62052 17948 60959
0.22435
10570 69430 0
0.867875
10335 69665 0
0.8708125
10310 69690 0
0.871125
BB size: 25
58175 21825 56811
0.2728125
10455 69545 0
0.8693125
10395 69605 0
0.8700625
10275 69725 0
0.8715625
BB size: 30
53984 26016 52346
0.3252
10535 69465 0
0.8683125
10440 69560 0
0.8695
10360 69640 0
0.8705
