BB size: 5
78810 1190 78532
0.014875
57551 22449 52636
0.2806125
54121 25879 48512
0.3234875
63785 16215 60223
0.2026875
BB size: 10
77436 2564 76887
0.03205
37331 42669 27491
0.5333625
31776 48224 20553
0.6028
47891 32109 40771
0.4013625
BB size: 15
76100 3900 75278
0.04875
19925 60075 5171
0.7509375
16615 63385 0
0.7923125
33158 46842 22492
0.585525
BB size: 20
74849 5151 73756
0.0643875
16640 63360 0
0.792
16605 63395 0
0.7924375
21426 58574 7194
0.732175
BB size: 25
73438 6562 72074
0.082025
16640 63360 0
0.792
16610 63390 0
0.792375
16605 63395 0
0.7924375
BB size: 30
72401 7599 70763
0.0949875
16585 63415 0
0.7926875
16625 63375 0
0.7921875
16590 63410 0
0.792625
BB size: 5
78686 1314 78408
0.016425
57317 22683 52402
0.2835375
54110 25890 48508
0.323625
63613 16387 60053
0.2048375
BB size: 10
77493 2507 76944
0.0313375
36989 43011 27146
0.5376375
31570 48430 20351
0.605375
47660 32340 40537
0.40425
BB size: 15
76040 3960 75218
0.0495
20140 59860 5388
0.74825
16570 63430 0
0.792875
33607 46393 22942
0.5799125
BB size: 20
74617 5383 73524
0.0672875
16630 63370 0
0.792125
16560 63440 0
0.793
21263 58737 7041
0.7342125
BB size: 25
73706 6294 72342
0.078675
16595 63405 0
0.7925625
16640 63360 0
0.792
16640 63360 0
0.792
BB size: 30
71901 8099 70271
0.1012375
16645 63355 0
0.7919375
16645 63355 0
0.7919375
16620 63380 0
0.79225
BB size: 5
78685 1315 78407
0.0164375
57638 22362 52714
0.279525
54108 25892 48498
0.32365
63291 16709 59727
0.2088625
BB size: 10
77506 2494 76957
0.031175
36402 43598 26566
0.544975
31075 48925 19856
0.6115625
47648 32352 40534
0.4044
BB size: 15
76241 3759 75419
0.0469875
20236 59764 5476
0.74705
16580 63420 0
0.79275
33555 46445 22916
0.5805625
BB size: 20
74849 5151 73756
0.0643875
16670 63330 0
0.791625
16630 63370 0
0.792125
21386 58614 7161
0.732675
BB size: 25
73671 6329 72307
0.0791125
16665 63335 0
0.7916875
16630 63370 0
0.792125
16605 63395 0
0.7924375
BB size: 30
72790 7210 71152
0.090125
16585 63415 0
0.7926875
16615 63385 0
0.7923125
16640 63360 0
0.792
