0.0,0.0,0.0,0.0,0.0,0.0,100.0,0.0
0.0,9.1,0.0,0.0,0.0,0.0,100.0,0.0
10.0,0.0,9.1,10.0,9.1,0.0,0.0,40.0
30.0,30.0,11.1,11.1,9.1,20.0,30.0,40.0
54.5,40.0,0.0,45.5,0.0,0.0,11.1,45.5
90.0,100.0,0.0,100.0,0.0,0.0,0.0,100.0
100.0,100.0,0.0,100.0,0.0,0.0,0.0,100.0
100.0,90.0,0.0,90.9,0.0,0.0,0.0,100.0
100.0,100.0,0.0,100.0,0.0,0.0,0.0,100.0
100.0,90.0,0.0,100.0,0.0,0.0,0.0,90.0
77.8,88.9,0.0,90.9,0.0,0.0,0.0,90.0
40.0,88.9,0.0,50.0,77.8,0.0,0.0,88.9
9.1,90.9,0.0,90.0,90.9,0.0,0.0,90.9
80.0,81.8,0.0,90.0,10.0,0.0,0.0,90.0
100.0,100.0,0.0,100.0,0.0,0.0,0.0,100.0
88.9,90.9,0.0,90.0,16.7,0.0,0.0,90.9
80.0,88.9,0.0,90.0,10.0,0.0,0.0,90.0
88.9,90.9,0.0,88.9,0.0,0.0,0.0,88.9
72.7,66.7,0.0,70.0,40.0,0.0,0.0,30.0
11.1,66.7,0.0,50.0,66.7,10.0,0.0,50.0
0.0,72.7,0.0,0.0,72.7,72.7,0.0,77.8
30.0,90.9,0.0,0.0,100.0,100.0,0.0,60.0
30.0,77.8,0.0,0.0,80.0,54.5,0.0,80.0
0.0,80.0,0.0,0.0,80.0,77.8,0.0,80.0
0.0,60.0,0.0,0.0,60.0,54.5,0.0,60.0
0.0,88.9,80.0,0.0,90.0,0.0,0.0,88.9
0.0,100.0,100.0,0.0,90.0,0.0,0.0,91.7
0.0,100.0,100.0,0.0,100.0,0.0,0.0,100.0
0.0,100.0,100.0,0.0,100.0,0.0,0.0,100.0
0.0,90.9,90.9,0.0,100.0,0.0,0.0,100.0
0.0,100.0,100.0,0.0,100.0,0.0,0.0,100.0
0.0,100.0,100.0,0.0,100.0,0.0,0.0,100.0
0.0,100.0,100.0,0.0,100.0,0.0,0.0,100.0
0.0,100.0,100.0,0.0,100.0,0.0,0.0,100.0
0.0,100.0,100.0,0.0,100.0,0.0,0.0,100.0
0.0,100.0,100.0,0.0,100.0,0.0,0.0,100.0
0.0,100.0,100.0,0.0,100.0,0.0,0.0,100.0
0.0,100.0,100.0,0.0,100.0,0.0,0.0,100.0
0.0,100.0,100.0,0.0,100.0,0.0,0.0,100.0
0.0,100.0,100.0,0.0,100.0,0.0,0.0,100.0
0.0,100.0,100.0,0.0,100.0,0.0,0.0,100.0
0.0,100.0,100.0,0.0,100.0,0.0,0.0,100.0
0.0,100.0,100.0,0.0,100.0,0.0,0.0,100.0
0.0,100.0,100.0,0.0,100.0,0.0,0.0,100.0
100.0,0.0,10.0,100.0,100.0,0.0,10.0,100.0
100.0,0.0,0.0,100.0,100.0,0.0,0.0,100.0
100.0,0.0,0.0,100.0,100.0,0.0,0.0,100.0
100.0,0.0,0.0,100.0,100.0,0.0,0.0,100.0
100.0,0.0,0.0,100.0,100.0,0.0,0.0,100.0
100.0,0.0,0.0,100.0,100.0,0.0,0.0,100.0
100.0,0.0,0.0,100.0,100.0,0.0,0.0,100.0
100.0,0.0,0.0,100.0,100.0,0.0,0.0,100.0
100.0,0.0,0.0,100.0,100.0,0.0,0.0,100.0
100.0,0.0,0.0,100.0,100.0,0.0,0.0,100.0
100.0,0.0,0.0,100.0,100.0,0.0,0.0,100.0
100.0,0.0,0.0,100.0,100.0,0.0,0.0,100.0
100.0,0.0,0.0,100.0,100.0,0.0,0.0,100.0
100.0,0.0,0.0,100.0,100.0,0.0,0.0,100.0
100.0,0.0,100.0,100.0,0.0,0.0,0.0,100.0
100.0,0.0,100.0,100.0,0.0,0.0,0.0,100.0
100.0,0.0,100.0,100.0,0.0,0.0,0.0,100.0
100.0,0.0,100.0,100.0,0.0,0.0,0.0,100.0
100.0,0.0,100.0,100.0,0.0,0.0,0.0,100.0
100.0,0.0,100.0,100.0,0.0,0.0,0.0,100.0
100.0,0.0,100.0,100.0,0.0,0.0,0.0,100.0
100.0,0.0,100.0,100.0,0.0,0.0,0.0,100.0
100.0,9.1,100.0,100.0,0.0,0.0,0.0,100.0
100.0,0.0,100.0,100.0,0.0,0.0,0.0,100.0
100.0,0.0,100.0,100.0,0.0,0.0,0.0,100.0
100.0,0.0,100.0,100.0,0.0,0.0,0.0,100.0
100.0,0.0,100.0,100.0,0.0,0.0,0.0,100.0
100.0,0.0,100.0,100.0,0.0,0.0,0.0,100.0
100.0,0.0,100.0,100.0,0.0,0.0,0.0,100.0
100.0,0.0,100.0,100.0,0.0,0.0,0.0,100.0
100.0,0.0,100.0,100.0,0.0,10.0,0.0,100.0
100.0,0.0,100.0,100.0,0.0,0.0,0.0,100.0
100.0,0.0,100.0,100.0,0.0,0.0,0.0,100.0
100.0,0.0,100.0,100.0,0.0,0.0,0.0,100.0
100.0,0.0,100.0,100.0,0.0,0.0,0.0,100.0
100.0,0.0,100.0,100.0,0.0,0.0,0.0,100.0
100.0,0.0,100.0,100.0,0.0,0.0,0.0,100.0
100.0,0.0,100.0,100.0,0.0,0.0,0.0,100.0
100.0,0.0,100.0,100.0,0.0,0.0,0.0,100.0
100.0,0.0,100.0,100.0,9.1,0.0,0.0,100.0
100.0,0.0,100.0,100.0,0.0,0.0,0.0,100.0
100.0,0.0,100.0,100.0,0.0,0.0,0.0,100.0
100.0,0.0,100.0,100.0,9.1,0.0,0.0,100.0
100.0,0.0,100.0,100.0,0.0,0.0,0.0,100.0
100.0,0.0,100.0,100.0,0.0,0.0,0.0,100.0
100.0,0.0,100.0,100.0,0.0,0.0,0.0,100.0
100.0,0.0,100.0,100.0,0.0,0.0,0.0,100.0
100.0,0.0,100.0,100.0,0.0,0.0,0.0,100.0
100.0,0.0,100.0,100.0,0.0,10.0,0.0,100.0
100.0,0.0,100.0,100.0,0.0,0.0,0.0,100.0
100.0,0.0,100.0,100.0,0.0,0.0,0.0,100.0
100.0,0.0,100.0,100.0,0.0,0.0,0.0,100.0
100.0,0.0,100.0,100.0,0.0,0.0,0.0,100.0
100.0,0.0,100.0,100.0,0.0,0.0,0.0,100.0
100.0,0.0,100.0,100.0,0.0,0.0,0.0,100.0
100.0,0.0,100.0,100.0,0.0,0.0,0.0,100.0
100.0,0.0,100.0,100.0,0.0,0.0,0.0,100.0
100.0,0.0,100.0,100.0,0.0,0.0,0.0,100.0
100.0,0.0,100.0,100.0,0.0,0.0,0.0,100.0
100.0,0.0,100.0,100.0,0.0,0.0,0.0,100.0
100.0,0.0,100.0,100.0,0.0,0.0,0.0,100.0
100.0,0.0,100.0,100.0,0.0,0.0,0.0,100.0
100.0,0.0,100.0,100.0,0.0,0.0,0.0,100.0
100.0,0.0,100.0,100.0,0.0,0.0,0.0,100.0
90.0,0.0,90.0,91.7,0.0,0.0,0.0,100.0
100.0,0.0,100.0,100.0,0.0,0.0,0.0,100.0
100.0,0.0,100.0,100.0,0.0,0.0,0.0,100.0
100.0,0.0,100.0,100.0,0.0,0.0,0.0,100.0
100.0,0.0,100.0,100.0,0.0,0.0,0.0,100.0
100.0,0.0,100.0,100.0,0.0,0.0,0.0,100.0
100.0,0.0,100.0,100.0,0.0,0.0,0.0,100.0
77.8,0.0,100.0,37.5,0.0,0.0,0.0,90.0
50.0,16.7,0.0,45.5,0.0,10.0,0.0,41.7
72.7,16.7,0.0,55.6,0.0,9.1,0.0,0.0
0.0,9.1,0.0,0.0,0.0,10.0,0.0,0.0
0.0,0.0,0.0,9.1,0.0,0.0,0.0,0.0
0.0,0.0,0.0,23.1,0.0,0.0,0.0,0.0
9.1,0.0,0.0,16.7,0.0,0.0,0.0,10.0
0.0,0.0,0.0,0.0,0.0,0.0,0.0,0.0
0.0,0.0,0.0,0.0,0.0,10.0,0.0,0.0
0.0,0.0,0.0,0.0,0.0,0.0,0.0,0.0
0.0,0.0,0.0,0.0,0.0,0.0,0.0,0.0
9.1,0.0,0.0,0.0,0.0,0.0,0.0,0.0
0.0,0.0,0.0,0.0,0.0,0.0,9.1,0.0
0.0,0.0,0.0,0.0,0.0,0.0,0.0,0.0
0.0,0.0,0.0,9.1,0.0,9.1,0.0,0.0
0.0,0.0,0.0,0.0,0.0,0.0,0.0,0.0
0.0,0.0,0.0,0.0,0.0,9.1,0.0,0.0
18.2,0.0,0.0,0.0,0.0,0.0,0.0,0.0
0.0,10.0,0.0,0.0,0.0,0.0,0.0,0.0
0.0,0.0,0.0,0.0,0.0,0.0,0.0,0.0
0.0,0.0,0.0,0.0,0.0,10.0,0.0,0.0
36.4,0.0,0.0,0.0,0.0,0.0,0.0,0.0
18.2,10.0,0.0,0.0,0.0,9.1,0.0,0.0
0.0,0.0,0.0,0.0,0.0,0.0,0.0,0.0
77.8,0.0,70.0,63.6,60.0,0.0,0.0,0.0
100.0,0.0,100.0,100.0,100.0,0.0,0.0,0.0
100.0,0.0,100.0,100.0,100.0,0.0,0.0,0.0
100.0,0.0,100.0,100.0,100.0,0.0,0.0,0.0
80.0,0.0,100.0,88.9,90.0,0.0,0.0,0.0
40.0,10.0,20.0,54.5,30.0,0.0,0.0,0.0
0.0,0.0,0.0,0.0,0.0,0.0,0.0,0.0
0.0,0.0,0.0,0.0,0.0,0.0,0.0,0.0
0.0,0.0,0.0,0.0,10.0,0.0,0.0,0.0
0.0,0.0,0.0,0.0,0.0,0.0,0.0,16.7
0.0,0.0,8.3,10.0,0.0,0.0,0.0,0.0
81.8,100.0,90.0,9.1,0.0,0.0,66.7,0.0
100.0,100.0,100.0,0.0,0.0,0.0,100.0,0.0
100.0,100.0,100.0,0.0,0.0,0.0,100.0,0.0
100.0,100.0,100.0,0.0,0.0,0.0,100.0,0.0
100.0,100.0,100.0,0.0,0.0,0.0,100.0,0.0
100.0,90.0,100.0,0.0,0.0,0.0,100.0,0.0
50.0,50.0,45.5,0.0,0.0,0.0,44.4,0.0
0.0,0.0,0.0,0.0,0.0,0.0,0.0,0.0
0.0,0.0,0.0,0.0,0.0,0.0,9.1,0.0
0.0,0.0,0.0,0.0,0.0,0.0,0.0,9.1
0.0,0.0,0.0,0.0,0.0,0.0,0.0,0.0
0.0,0.0,0.0,0.0,0.0,0.0,0.0,0.0
0.0,0.0,0.0,0.0,0.0,0.0,0.0,0.0
0.0,0.0,0.0,0.0,0.0,0.0,0.0,0.0
0.0,0.0,0.0,0.0,0.0,0.0,9.1,0.0
0.0,0.0,0.0,0.0,0.0,0.0,0.0,0.0
0.0,0.0,0.0,0.0,0.0,0.0,0.0,0.0
0.0,0.0,0.0,0.0,0.0,0.0,0.0,0.0
0.0,0.0,0.0,0.0,0.0,0.0,0.0,0.0
0.0,0.0,0.0,0.0,0.0,0.0,0.0,9.1
0.0,0.0,0.0,0.0,0.0,0.0,0.0,0.0
0.0,0.0,0.0,0.0,0.0,0.0,0.0,0.0
0.0,0.0,0.0,0.0,0.0,0.0,0.0,0.0
0.0,0.0,0.0,0.0,0.0,0.0,0.0,0.0
0.0,0.0,0.0,0.0,0.0,0.0,0.0,0.0
0.0,0.0,0.0,0.0,0.0,0.0,0.0,0.0
0.0,0.0,0.0,0.0,0.0,0.0,0.0,18.2
0.0,0.0,0.0,0.0,0.0,0.0,0.0,0.0
0.0,0.0,0.0,0.0,0.0,0.0,0.0,0.0
0.0,0.0,0.0,0.0,0.0,0.0,0.0,0.0
0.0,0.0,0.0,0.0,0.0,0.0,0.0,9.1
0.0,0.0,0.0,0.0,0.0,0.0,9.1,0.0
0.0,30.0,0.0,10.0,100.0,0.0,0.0,0.0
27.3,100.0,60.0,0.0,100.0,0.0,0.0,0.0
100.0,100.0,100.0,0.0,100.0,0.0,0.0,0.0
90.0,100.0,90.0,0.0,88.9,0.0,0.0,0.0
100.0,100.0,100.0,0.0,100.0,0.0,0.0,0.0
100.0,100.0,100.0,0.0,100.0,0.0,0.0,0.0
100.0,100.0,100.0,0.0,0.0,100.0,0.0,0.0
100.0,100.0,100.0,0.0,0.0,100.0,0.0,0.0
100.0,100.0,100.0,0.0,0.0,100.0,0.0,0.0
100.0,100.0,100.0,0.0,0.0,100.0,0.0,0.0
100.0,100.0,100.0,0.0,0.0,100.0,0.0,0.0
100.0,100.0,100.0,0.0,0.0,100.0,0.0,0.0
100.0,100.0,100.0,0.0,0.0,100.0,0.0,0.0
100.0,100.0,100.0,0.0,0.0,100.0,0.0,0.0
100.0,100.0,100.0,0.0,0.0,100.0,0.0,0.0
100.0,100.0,100.0,0.0,0.0,100.0,0.0,0.0
100.0,100.0,100.0,0.0,0.0,100.0,0.0,0.0
100.0,100.0,100.0,0.0,0.0,20.0,0.0,88.9
100.0,100.0,100.0,0.0,0.0,0.0,0.0,100.0
100.0,100.0,100.0,0.0,0.0,0.0,0.0,100.0
100.0,100.0,100.0,0.0,8.3,0.0,0.0,100.0
100.0,100.0,100.0,0.0,0.0,0.0,0.0,100.0
100.0,100.0,100.0,0.0,0.0,0.0,0.0,100.0
100.0,100.0,100.0,0.0,0.0,0.0,0.0,100.0
100.0,100.0,100.0,0.0,0.0,0.0,9.1,100.0
100.0,100.0,100.0,0.0,0.0,0.0,0.0,100.0
100.0,100.0,100.0,0.0,0.0,0.0,0.0,100.0
100.0,100.0,100.0,0.0,0.0,0.0,0.0,100.0
100.0,100.0,100.0,0.0,0.0,0.0,0.0,100.0
100.0,100.0,100.0,0.0,0.0,0.0,0.0,100.0
100.0,100.0,100.0,0.0,0.0,0.0,0.0,100.0
100.0,100.0,100.0,0.0,0.0,0.0,0.0,100.0
100.0,100.0,100.0,0.0,0.0,10.0,0.0,100.0
100.0,100.0,100.0,0.0,0.0,0.0,0.0,100.0
100.0,100.0,100.0,0.0,0.0,0.0,0.0,100.0
100.0,100.0,100.0,0.0,9.1,0.0,0.0,100.0
100.0,100.0,100.0,0.0,0.0,0.0,0.0,100.0
100.0,100.0,100.0,0.0,0.0,0.0,0.0,100.0
100.0,100.0,100.0,0.0,0.0,11.1,0.0,100.0
100.0,100.0,100.0,0.0,0.0,0.0,0.0,100.0
100.0,100.0,100.0,0.0,0.0,0.0,0.0,100.0
100.0,100.0,100.0,0.0,0.0,10.0,0.0,100.0
100.0,100.0,100.0,0.0,0.0,0.0,0.0,100.0
100.0,100.0,100.0,0.0,0.0,0.0,0.0,100.0
100.0,100.0,100.0,0.0,0.0,0.0,0.0,100.0
100.0,100.0,100.0,0.0,0.0,0.0,0.0,100.0
100.0,100.0,100.0,0.0,0.0,0.0,0.0,100.0
100.0,100.0,100.0,0.0,0.0,0.0,0.0,100.0
100.0,100.0,100.0,0.0,0.0,0.0,0.0,100.0
100.0,100.0,100.0,0.0,0.0,0.0,0.0,100.0
100.0,100.0,100.0,0.0,0.0,0.0,0.0,100.0
100.0,100.0,100.0,0.0,9.1,0.0,0.0,100.0
90.9,55.6,90.0,0.0,0.0,0.0,0.0,90.0
0.0,70.0,72.7,0.0,0.0,0.0,0.0,20.0
0.0,45.5,0.0,0.0,8.3,0.0,9.1,70.0
0.0,0.0,0.0,0.0,0.0,0.0,0.0,10.0
0.0,0.0,0.0,0.0,0.0,0.0,9.1,0.0
10.0,0.0,0.0,10.0,0.0,0.0,0.0,0.0
0.0,0.0,0.0,0.0,0.0,0.0,9.1,0.0
0.0,0.0,0.0,0.0,0.0,9.1,0.0,0.0
0.0,0.0,0.0,0.0,0.0,18.2,0.0,0.0
0.0,0.0,0.0,0.0,0.0,0.0,0.0,0.0
0.0,9.1,0.0,0.0,0.0,10.0,0.0,0.0
0.0,0.0,0.0,0.0,0.0,10.0,0.0,0.0
0.0,0.0,0.0,0.0,9.1,0.0,0.0,0.0
0.0,0.0,0.0,0.0,0.0,9.1,0.0,0.0
0.0,0.0,0.0,0.0,10.0,0.0,0.0,9.1
0.0,0.0,0.0,0.0,0.0,0.0,0.0,0.0
0.0,0.0,0.0,0.0,9.1,0.0,0.0,0.0
8.3,10.0,0.0,0.0,0.0,0.0,10.0,0.0
0.0,0.0,0.0,0.0,0.0,0.0,0.0,0.0
0.0,0.0,0.0,0.0,9.1,0.0,0.0,0.0
0.0,0.0,0.0,0.0,0.0,9.1,0.0,0.0
0.0,0.0,0.0,0.0,0.0,0.0,0.0,0.0
0.0,0.0,0.0,10.0,0.0,0.0,0.0,0.0
22.2,0.0,4.0,10.0,0.0,0.0,0.0,0.0
100.0,81.8,70.0,40.0,9.1,0.0,0.0,0.0
100.0,100.0,100.0,100.0,0.0,0.0,0.0,0.0
54.5,81.8,88.9,40.0,0.0,9.1,0.0,0.0
20.0,0.0,0.0,22.2,0.0,0.0,0.0,0.0
0.0,0.0,0.0,0.0,0.0,9.1,0.0,0.0
0.0,0.0,0.0,0.0,0.0,10.0,0.0,0.0
0.0,0.0,0.0,0.0,0.0,0.0,0.0,10.0
0.0,0.0,0.0,9.1,0.0,0.0,0.0,0.0
0.0,0.0,0.0,0.0,0.0,0.0,0.0,9.1
77.8,80.0,70.0,77.8,10.0,0.0,0.0,0.0
100.0,100.0,100.0,100.0,0.0,0.0,0.0,0.0
100.0,40.0,100.0,100.0,0.0,60.0,0.0,0.0
100.0,0.0,100.0,100.0,0.0,100.0,0.0,0.0
100.0,0.0,100.0,88.9,0.0,100.0,0.0,0.0
100.0,0.0,100.0,100.0,0.0,100.0,0.0,0.0
90.0,0.0,100.0,100.0,0.0,100.0,0.0,0.0
80.0,16.7,70.0,72.7,9.1,80.0,0.0,0.0
0.0,0.0,0.0,0.0,0.0,0.0,0.0,0.0
0.0,0.0,0.0,9.1,0.0,0.0,0.0,0.0
0.0,0.0,0.0,0.0,0.0,0.0,9.1,0.0
0.0,0.0,0.0,0.0,0.0,0.0,0.0,0.0
0.0,0.0,0.0,0.0,0.0,0.0,0.0,0.0
0.0,0.0,0.0,0.0,9.1,0.0,0.0,0.0
0.0,0.0,0.0,0.0,0.0,0.0,0.0,0.0
0.0,0.0,0.0,0.0,0.0,0.0,0.0,0.0
0.0,0.0,0.0,0.0,0.0,0.0,0.0,0.0
0.0,0.0,0.0,0.0,0.0,0.0,0.0,0.0
0.0,0.0,0.0,0.0,0.0,0.0,0.0,0.0
0.0,0.0,0.0,0.0,0.0,0.0,0.0,0.0
0.0,0.0,0.0,0.0,0.0,9.1,0.0,0.0
0.0,0.0,0.0,0.0,0.0,0.0,0.0,0.0
0.0,0.0,0.0,0.0,0.0,0.0,0.0,0.0
0.0,0.0,0.0,0.0,0.0,0.0,0.0,0.0
0.0,0.0,0.0,0.0,0.0,0.0,0.0,0.0
0.0,0.0,0.0,0.0,0.0,0.0,0.0,0.0
0.0,0.0,0.0,0.0,0.0,0.0,9.1,0.0
0.0,0.0,0.0,0.0,0.0,9.1,0.0,0.0
0.0,0.0,0.0,0.0,0.0,0.0,0.0,0.0
0.0,0.0,0.0,0.0,0.0,0.0,0.0,0.0
0.0,0.0,100.0,0.0,0.0,0.0,0.0,0.0
0.0,0.0,100.0,0.0,0.0,10.0,0.0,0.0
0.0,0.0,100.0,40.0,0.0,0.0,0.0,0.0
90.0,0.0,100.0,100.0,0.0,81.8,0.0,0.0
100.0,0.0,100.0,100.0,0.0,100.0,0.0,0.0
100.0,0.0,100.0,100.0,0.0,100.0,0.0,0.0
100.0,0.0,100.0,100.0,0.0,100.0,0.0,0.0
90.0,0.0,81.8,81.8,0.0,88.9,0.0,0.0
77.8,0.0,0.0,0.0,0.0,0.0,0.0,0.0
100.0,0.0,0.0,0.0,0.0,0.0,0.0,0.0
100.0,0.0,0.0,100.0,0.0,0.0,0.0,0.0
100.0,0.0,10.0,100.0,0.0,18.2,0.0,0.0
100.0,0.0,100.0,100.0,0.0,100.0,0.0,0.0
100.0,0.0,100.0,100.0,0.0,100.0,0.0,0.0
100.0,0.0,100.0,100.0,0.0,100.0,0.0,0.0
100.0,0.0,100.0,100.0,0.0,100.0,0.0,0.0
100.0,0.0,100.0,100.0,0.0,100.0,0.0,0.0
100.0,0.0,100.0,100.0,0.0,100.0,0.0,0.0
100.0,0.0,100.0,100.0,0.0,100.0,0.0,0.0
100.0,0.0,100.0,100.0,0.0,100.0,0.0,0.0
100.0,0.0,100.0,100.0,0.0,100.0,0.0,0.0
100.0,0.0,100.0,100.0,0.0,100.0,0.0,0.0
100.0,0.0,100.0,100.0,0.0,100.0,0.0,0.0
100.0,0.0,100.0,100.0,0.0,100.0,0.0,0.0
100.0,0.0,100.0,100.0,0.0,100.0,0.0,0.0
100.0,0.0,100.0,100.0,0.0,100.0,0.0,0.0
100.0,0.0,100.0,100.0,0.0,100.0,0.0,0.0
100.0,0.0,100.0,100.0,0.0,100.0,0.0,0.0
100.0,0.0,100.0,100.0,0.0,100.0,0.0,0.0
100.0,0.0,100.0,100.0,0.0,100.0,0.0,0.0
100.0,0.0,100.0,100.0,0.0,100.0,0.0,0.0
100.0,0.0,100.0,100.0,0.0,100.0,0.0,0.0
100.0,0.0,100.0,100.0,0.0,100.0,0.0,0.0
100.0,0.0,100.0,100.0,0.0,100.0,0.0,0.0
100.0,0.0,100.0,100.0,0.0,100.0,0.0,0.0
100.0,0.0,100.0,100.0,0.0,100.0,0.0,0.0
100.0,0.0,100.0,100.0,0.0,100.0,0.0,0.0
100.0,0.0,100.0,100.0,0.0,100.0,0.0,0.0
100.0,0.0,100.0,100.0,0.0,100.0,0.0,0.0
100.0,0.0,100.0,100.0,0.0,100.0,0.0,0.0
100.0,0.0,100.0,100.0,9.1,100.0,0.0,0.0
100.0,0.0,100.0,100.0,0.0,100.0,0.0,0.0
100.0,0.0,100.0,100.0,0.0,100.0,0.0,0.0
100.0,0.0,100.0,100.0,0.0,100.0,0.0,0.0
100.0,0.0,100.0,100.0,0.0,100.0,0.0,0.0
100.0,0.0,100.0,100.0,0.0,100.0,0.0,0.0
100.0,0.0,100.0,100.0,0.0,100.0,0.0,0.0
100.0,0.0,100.0,100.0,0.0,100.0,0.0,0.0
100.0,0.0,100.0,100.0,0.0,100.0,9.1,0.0
100.0,9.1,100.0,100.0,0.0,100.0,0.0,0.0
100.0,0.0,100.0,100.0,0.0,100.0,0.0,0.0
100.0,0.0,100.0,100.0,0.0,100.0,0.0,0.0
100.0,0.0,100.0,100.0,0.0,100.0,0.0,0.0
100.0,0.0,100.0,100.0,0.0,100.0,0.0,0.0
100.0,0.0,100.0,100.0,0.0,100.0,0.0,0.0
100.0,0.0,100.0,100.0,0.0,100.0,0.0,0.0
100.0,0.0,100.0,100.0,0.0,100.0,0.0,0.0
100.0,0.0,100.0,100.0,0.0,100.0,0.0,0.0
100.0,0.0,100.0,100.0,0.0,100.0,0.0,0.0
100.0,0.0,100.0,100.0,0.0,100.0,0.0,0.0
100.0,0.0,100.0,100.0,0.0,100.0,0.0,0.0
100.0,0.0,100.0,100.0,0.0,100.0,0.0,0.0
100.0,0.0,100.0,100.0,0.0,100.0,0.0,0.0
100.0,0.0,100.0,100.0,0.0,100.0,0.0,0.0
100.0,0.0,100.0,100.0,0.0,100.0,0.0,0.0
100.0,0.0,100.0,100.0,0.0,100.0,0.0,0.0
100.0,0.0,100.0,100.0,0.0,100.0,0.0,0.0
100.0,0.0,100.0,100.0,0.0,100.0,0.0,0.0
100.0,0.0,100.0,100.0,0.0,100.0,0.0,0.0
100.0,0.0,100.0,100.0,0.0,100.0,0.0,0.0
100.0,0.0,100.0,100.0,0.0,100.0,0.0,0.0
100.0,0.0,100.0,100.0,0.0,100.0,0.0,0.0
100.0,0.0,100.0,100.0,0.0,100.0,0.0,0.0
100.0,0.0,100.0,100.0,0.0,100.0,0.0,0.0
100.0,0.0,100.0,100.0,0.0,100.0,0.0,0.0
100.0,0.0,100.0,100.0,0.0,100.0,0.0,0.0
90.0,0.0,100.0,90.9,0.0,100.0,0.0,0.0
100.0,0.0,100.0,0.0,100.0,100.0,0.0,0.0
100.0,0.0,100.0,0.0,100.0,100.0,0.0,0.0
100.0,0.0,100.0,0.0,100.0,100.0,0.0,0.0
100.0,0.0,100.0,0.0,100.0,100.0,0.0,0.0
100.0,0.0,100.0,0.0,100.0,100.0,0.0,0.0
100.0,0.0,100.0,0.0,100.0,100.0,0.0,0.0
22.2,0.0,30.0,0.0,100.0,27.3,0.0,0.0
44.4,0.0,70.0,0.0,9.1,0.0,0.0,0.0
100.0,18.2,0.0,9.1,0.0,11.1,0.0,0.0
0.0,0.0,0.0,0.0,9.1,9.1,0.0,0.0
0.0,0.0,0.0,0.0,0.0,10.0,0.0,0.0
0.0,0.0,0.0,0.0,10.0,9.1,0.0,0.0
0.0,0.0,0.0,0.0,0.0,0.0,0.0,0.0
0.0,0.0,0.0,0.0,0.0,0.0,0.0,0.0
0.0,0.0,0.0,0.0,10.0,0.0,0.0,0.0
0.0,0.0,0.0,0.0,0.0,9.1,0.0,0.0
0.0,0.0,0.0,0.0,0.0,0.0,0.0,0.0
0.0,0.0,0.0,0.0,0.0,0.0,0.0,9.1
0.0,0.0,0.0,0.0,0.0,0.0,0.0,0.0
0.0,0.0,0.0,0.0,9.1,0.0,0.0,0.0
0.0,0.0,0.0,0.0,0.0,10.0,0.0,0.0
0.0,0.0,0.0,0.0,0.0,9.1,0.0,0.0
0.0,0.0,0.0,0.0,10.0,0.0,0.0,0.0
0.0,0.0,0.0,0.0,0.0,9.1,0.0,0.0
0.0,0.0,0.0,0.0,0.0,10.0,0.0,0.0
0.0,0.0,0.0,0.0,0.0,0.0,0.0,0.0
0.0,0.0,0.0,0.0,20.0,9.1,10.0,0.0
0.0,0.0,0.0,0.0,9.1,0.0,0.0,0.0
0.0,0.0,0.0,0.0,0.0,0.0,0.0,0.0
66.7,72.7,70.0,10.0,0.0,0.0,70.0,0.0
100.0,100.0,100.0,0.0,0.0,0.0,100.0,0.0
40.0,77.8,50.0,0.0,10.0,10.0,20.0,0.0
18.2,0.0,0.0,0.0,0.0,0.0,0.0,0.0
0.0,0.0,0.0,0.0,0.0,9.1,0.0,0.0
0.0,0.0,0.0,0.0,9.1,0.0,0.0,0.0
0.0,9.1,0.0,0.0,0.0,0.0,0.0,0.0
0.0,0.0,9.1,0.0,0.0,0.0,10.0,0.0
0.0,0.0,0.0,0.0,10.0,0.0,0.0,0.0
41.2,9.1,77.8,0.0,70.0,10.0,0.0,0.0
100.0,0.0,100.0,0.0,100.0,0.0,0.0,0.0
100.0,0.0,100.0,0.0,100.0,0.0,0.0,0.0
100.0,0.0,100.0,0.0,100.0,0.0,0.0,0.0
100.0,0.0,100.0,0.0,100.0,0.0,0.0,0.0
100.0,0.0,100.0,0.0,100.0,20.0,0.0,0.0
100.0,0.0,100.0,0.0,100.0,100.0,0.0,0.0
100.0,0.0,100.0,0.0,100.0,100.0,0.0,0.0
100.0,0.0,100.0,0.0,100.0,100.0,0.0,0.0
100.0,0.0,100.0,0.0,100.0,90.9,0.0,0.0
100.0,0.0,90.0,0.0,100.0,60.0,0.0,0.0
55.6,0.0,60.0,0.0,60.0,70.0,0.0,0.0
0.0,0.0,0.0,0.0,0.0,0.0,0.0,0.0
0.0,0.0,0.0,0.0,0.0,0.0,0.0,0.0
0.0,0.0,0.0,0.0,0.0,0.0,0.0,0.0
0.0,0.0,0.0,0.0,0.0,0.0,0.0,0.0
0.0,0.0,0.0,0.0,0.0,0.0,0.0,0.0
0.0,0.0,0.0,0.0,0.0,0.0,0.0,0.0
0.0,0.0,0.0,0.0,0.0,0.0,0.0,0.0
0.0,0.0,0.0,0.0,0.0,0.0,0.0,0.0
0.0,0.0,0.0,0.0,0.0,0.0,0.0,0.0
0.0,0.0,0.0,0.0,0.0,0.0,0.0,0.0
0.0,0.0,0.0,0.0,0.0,0.0,0.0,0.0
0.0,0.0,0.0,0.0,0.0,0.0,0.0,0.0
0.0,0.0,0.0,0.0,0.0,0.0,0.0,0.0
0.0,0.0,0.0,0.0,0.0,0.0,0.0,0.0
0.0,0.0,0.0,0.0,0.0,0.0,0.0,0.0
0.0,0.0,0.0,0.0,0.0,10.0,0.0,0.0
0.0,0.0,0.0,0.0,0.0,0.0,0.0,0.0
0.0,0.0,0.0,0.0,0.0,0.0,0.0,0.0
0.0,0.0,0.0,0.0,0.0,0.0,0.0,0.0
0.0,0.0,0.0,0.0,0.0,0.0,0.0,0.0
0.0,0.0,0.0,0.0,0.0,0.0,0.0,0.0
0.0,0.0,0.0,0.0,0.0,0.0,0.0,0.0
0.0,0.0,0.0,0.0,0.0,0.0,0.0,0.0
0.0,0.0,0.0,0.0,0.0,0.0,0.0,0.0
0.0,0.0,0.0,0.0,0.0,0.0,0.0,0.0
0.0,0.0,0.0,0.0,0.0,0.0,0.0,0.0
0.0,0.0,0.0,0.0,0.0,0.0,0.0,0.0
0.0,0.0,0.0,0.0,0.0,0.0,0.0,0.0
0.0,0.0,0.0,0.0,0.0,0.0,0.0,0.0
0.0,0.0,0.0,0.0,0.0,0.0,0.0,0.0
0.0,0.0,0.0,0.0,0.0,9.1,0.0,0.0
0.0,0.0,0.0,0.0,80.0,0.0,0.0,0.0
100.0,0.0,80.0,0.0,100.0,0.0,0.0,0.0
90.9,0.0,100.0,81.8,90.9,0.0,0.0,0.0
55.6,0.0,100.0,55.6,100.0,0.0,0.0,0.0
100.0,0.0,100.0,100.0,100.0,0.0,0.0,0.0
100.0,0.0,100.0,100.0,100.0,0.0,0.0,0.0
100.0,0.0,100.0,100.0,100.0,0.0,0.0,0.0
100.0,0.0,100.0,100.0,100.0,0.0,0.0,0.0
100.0,0.0,100.0,100.0,100.0,0.0,0.0,0.0
100.0,0.0,100.0,100.0,100.0,0.0,0.0,0.0
100.0,0.0,100.0,100.0,100.0,18.2,0.0,10.0
100.0,0.0,100.0,100.0,0.0,100.0,0.0,0.0
100.0,0.0,100.0,100.0,0.0,100.0,0.0,0.0
100.0,10.0,100.0,100.0,0.0,100.0,0.0,0.0
100.0,0.0,100.0,100.0,0.0,100.0,0.0,0.0
100.0,0.0,100.0,100.0,0.0,100.0,0.0,0.0
100.0,0.0,100.0,100.0,0.0,100.0,0.0,0.0
100.0,0.0,100.0,100.0,0.0,100.0,0.0,0.0
100.0,0.0,100.0,100.0,0.0,100.0,0.0,0.0
100.0,0.0,100.0,100.0,0.0,100.0,0.0,0.0
100.0,0.0,100.0,100.0,0.0,100.0,0.0,0.0
100.0,0.0,100.0,100.0,0.0,100.0,0.0,0.0
100.0,0.0,100.0,100.0,0.0,100.0,0.0,0.0
100.0,0.0,100.0,100.0,0.0,100.0,0.0,0.0
100.0,0.0,100.0,100.0,0.0,100.0,0.0,0.0
100.0,0.0,100.0,100.0,0.0,100.0,0.0,0.0
100.0,0.0,100.0,100.0,0.0,100.0,0.0,0.0
100.0,0.0,100.0,100.0,0.0,100.0,0.0,0.0
100.0,0.0,100.0,100.0,0.0,100.0,0.0,0.0
100.0,0.0,100.0,100.0,9.1,100.0,0.0,0.0
100.0,0.0,100.0,100.0,0.0,100.0,0.0,0.0
100.0,0.0,100.0,100.0,0.0,100.0,0.0,0.0
100.0,0.0,100.0,100.0,0.0,100.0,0.0,0.0
100.0,0.0,100.0,100.0,0.0,100.0,0.0,0.0
100.0,0.0,100.0,100.0,0.0,100.0,0.0,0.0
100.0,0.0,100.0,100.0,0.0,100.0,0.0,0.0
100.0,0.0,100.0,100.0,0.0,100.0,0.0,0.0
100.0,0.0,100.0,100.0,0.0,100.0,0.0,0.0
100.0,0.0,100.0,100.0,0.0,100.0,0.0,0.0
100.0,0.0,100.0,100.0,0.0,100.0,0.0,0.0
100.0,0.0,100.0,100.0,0.0,100.0,0.0,0.0
100.0,0.0,100.0,100.0,0.0,100.0,0.0,0.0
91.7,0.0,90.9,100.0,0.0,90.0,0.0,0.0
100.0,0.0,100.0,100.0,0.0,100.0,0.0,0.0
100.0,0.0,90.0,90.0,0.0,100.0,0.0,0.0
70.0,18.2,100.0,50.0,22.2,60.0,18.2,0.0
100.0,0.0,20.0,30.0,0.0,0.0,0.0,0.0
0.0,0.0,23.1,54.5,0.0,0.0,10.0,0.0
0.0,0.0,0.0,0.0,0.0,0.0,0.0,0.0
0.0,0.0,0.0,10.0,0.0,0.0,0.0,0.0
0.0,0.0,0.0,0.0,0.0,0.0,0.0,0.0
0.0,0.0,0.0,0.0,0.0,0.0,9.1,0.0
0.0,0.0,0.0,0.0,0.0,10.0,0.0,10.0
0.0,0.0,0.0,0.0,0.0,0.0,18.2,0.0
0.0,0.0,0.0,0.0,0.0,0.0,0.0,0.0
0.0,0.0,0.0,0.0,0.0,0.0,10.0,0.0
0.0,0.0,0.0,0.0,0.0,0.0,0.0,0.0
0.0,0.0,0.0,0.0,0.0,0.0,0.0,0.0
0.0,0.0,0.0,9.1,0.0,0.0,0.0,0.0
0.0,0.0,0.0,0.0,9.1,0.0,10.0,0.0
0.0,0.0,0.0,0.0,0.0,0.0,0.0,0.0
0.0,0.0,0.0,0.0,0.0,0.0,10.0,0.0
0.0,0.0,0.0,0.0,10.0,0.0,16.7,0.0
0.0,0.0,0.0,0.0,10.0,0.0,0.0,0.0
0.0,0.0,0.0,0.0,0.0,0.0,0.0,0.0
0.0,0.0,0.0,0.0,0.0,9.1,10.0,0.0
0.0,0.0,9.1,0.0,0.0,16.7,0.0,0.0
30.0,0.0,20.0,0.0,20.0,30.0,0.0,0.0
100.0,0.0,100.0,0.0,100.0,100.0,0.0,0.0
100.0,0.0,100.0,0.0,100.0,100.0,0.0,0.0
100.0,0.0,100.0,0.0,100.0,100.0,0.0,0.0
100.0,0.0,100.0,0.0,100.0,100.0,0.0,0.0
100.0,0.0,100.0,100.0,0.0,100.0,0.0,0.0
100.0,0.0,100.0,100.0,0.0,100.0,0.0,0.0
80.0,0.0,100.0,81.8,9.1,80.0,0.0,0.0
36.4,0.0,9.1,22.2,0.0,22.2,10.0,0.0
0.0,0.0,0.0,0.0,0.0,0.0,0.0,0.0
0.0,0.0,9.1,0.0,0.0,0.0,10.0,0.0
0.0,0.0,0.0,0.0,10.0,0.0,0.0,0.0
0.0,0.0,0.0,0.0,0.0,0.0,9.1,0.0
33.3,0.0,0.0,33.3,30.0,33.3,0.0,0.0
100.0,0.0,0.0,100.0,100.0,100.0,0.0,0.0
100.0,9.1,0.0,100.0,100.0,100.0,0.0,0.0
100.0,0.0,0.0,100.0,100.0,100.0,0.0,0.0
88.9,10.0,0.0,100.0,100.0,100.0,0.0,0.0
0.0,100.0,0.0,100.0,100.0,100.0,0.0,0.0
0.0,100.0,0.0,100.0,100.0,100.0,0.0,0.0
0.0,100.0,0.0,100.0,100.0,100.0,0.0,0.0
0.0,100.0,0.0,100.0,100.0,100.0,0.0,0.0
0.0,100.0,0.0,100.0,72.7,90.0,0.0,0.0
0.0,10.0,0.0,9.1,22.2,10.0,0.0,0.0
0.0,0.0,0.0,0.0,0.0,0.0,0.0,0.0
0.0,0.0,10.0,0.0,0.0,0.0,9.1,9.1
0.0,9.1,9.1,0.0,0.0,0.0,18.2,10.0
0.0,18.2,0.0,0.0,0.0,0.0,0.0,18.2
0.0,9.1,41.7,27.3,36.4,10.0,0.0,0.0
0.0,88.9,10.0,90.0,90.9,90.9,0.0,0.0
0.0,100.0,0.0,100.0,100.0,100.0,0.0,0.0
0.0,100.0,0.0,100.0,100.0,100.0,0.0,0.0
0.0,100.0,0.0,100.0,100.0,100.0,0.0,0.0
0.0,100.0,100.0,100.0,0.0,100.0,0.0,0.0
0.0,100.0,100.0,100.0,0.0,100.0,0.0,0.0
0.0,100.0,100.0,100.0,0.0,100.0,0.0,0.0
0.0,100.0,100.0,100.0,0.0,100.0,0.0,0.0
0.0,100.0,100.0,100.0,0.0,100.0,0.0,0.0
0.0,100.0,100.0,100.0,0.0,100.0,0.0,0.0
0.0,100.0,100.0,100.0,0.0,100.0,0.0,0.0
0.0,100.0,100.0,100.0,0.0,100.0,0.0,0.0
0.0,100.0,100.0,100.0,0.0,100.0,0.0,0.0
0.0,100.0,100.0,100.0,0.0,100.0,0.0,0.0
0.0,100.0,100.0,100.0,0.0,100.0,0.0,0.0
0.0,100.0,100.0,100.0,0.0,100.0,0.0,0.0
0.0,100.0,100.0,100.0,9.1,100.0,0.0,0.0
0.0,100.0,100.0,100.0,0.0,100.0,0.0,0.0
0.0,100.0,100.0,100.0,0.0,100.0,0.0,0.0
0.0,100.0,100.0,100.0,9.1,100.0,0.0,0.0
0.0,100.0,100.0,100.0,0.0,100.0,0.0,0.0
0.0,100.0,100.0,100.0,0.0,100.0,0.0,0.0
0.0,100.0,100.0,100.0,0.0,100.0,0.0,0.0
0.0,100.0,100.0,100.0,0.0,100.0,0.0,0.0
0.0,100.0,100.0,100.0,0.0,100.0,0.0,0.0
0.0,100.0,100.0,100.0,0.0,100.0,0.0,0.0
0.0,100.0,100.0,100.0,0.0,100.0,0.0,0.0
0.0,100.0,100.0,100.0,0.0,100.0,0.0,0.0
0.0,100.0,100.0,100.0,0.0,100.0,0.0,0.0
0.0,100.0,100.0,100.0,0.0,100.0,0.0,9.1
0.0,100.0,100.0,100.0,0.0,100.0,0.0,0.0
0.0,100.0,100.0,100.0,0.0,100.0,0.0,0.0
0.0,100.0,100.0,100.0,0.0,100.0,0.0,0.0
0.0,100.0,100.0,100.0,0.0,100.0,0.0,0.0
0.0,100.0,100.0,100.0,0.0,100.0,0.0,0.0
0.0,100.0,100.0,100.0,0.0,100.0,0.0,0.0
0.0,100.0,100.0,100.0,0.0,100.0,0.0,0.0
0.0,100.0,100.0,100.0,0.0,100.0,0.0,0.0
0.0,100.0,100.0,100.0,0.0,100.0,0.0,0.0
0.0,100.0,100.0,100.0,0.0,100.0,0.0,0.0
0.0,100.0,100.0,100.0,0.0,100.0,0.0,0.0
0.0,100.0,100.0,100.0,0.0,100.0,0.0,0.0
0.0,100.0,100.0,100.0,0.0,100.0,0.0,0.0
0.0,100.0,100.0,100.0,0.0,100.0,0.0,0.0
0.0,100.0,100.0,100.0,0.0,100.0,0.0,0.0
0.0,100.0,100.0,100.0,0.0,100.0,0.0,0.0
0.0,90.0,100.0,100.0,0.0,100.0,0.0,0.0
0.0,0.0,100.0,100.0,100.0,100.0,0.0,0.0
0.0,100.0,100.0,100.0,0.0,100.0,0.0,0.0
0.0,100.0,100.0,100.0,0.0,100.0,0.0,0.0
0.0,100.0,100.0,100.0,0.0,100.0,0.0,0.0
0.0,100.0,100.0,100.0,0.0,100.0,0.0,0.0
0.0,100.0,100.0,100.0,0.0,100.0,0.0,0.0
0.0,100.0,100.0,100.0,0.0,100.0,0.0,0.0
0.0,100.0,100.0,100.0,0.0,100.0,0.0,0.0
0.0,100.0,100.0,100.0,0.0,100.0,0.0,0.0
0.0,100.0,100.0,100.0,0.0,100.0,0.0,0.0
0.0,100.0,100.0,100.0,0.0,100.0,0.0,0.0
0.0,100.0,100.0,100.0,0.0,100.0,0.0,0.0
0.0,100.0,100.0,100.0,0.0,100.0,0.0,0.0
0.0,90.9,100.0,100.0,0.0,100.0,0.0,0.0
0.0,100.0,100.0,100.0,0.0,100.0,0.0,0.0
0.0,100.0,100.0,100.0,0.0,100.0,0.0,0.0
0.0,100.0,100.0,100.0,0.0,40.0,0.0,70.0
0.0,90.0,63.6,100.0,0.0,0.0,10.0,80.0
0.0,0.0,0.0,0.0,0.0,0.0,100.0,33.3
0.0,40.0,0.0,9.1,0.0,0.0,45.5,50.0
0.0,0.0,0.0,0.0,0.0,0.0,0.0,0.0
0.0,0.0,0.0,0.0,0.0,0.0,0.0,9.1
0.0,0.0,9.1,0.0,0.0,0.0,8.3,0.0
0.0,0.0,0.0,0.0,0.0,0.0,0.0,0.0
0.0,9.1,9.1,0.0,0.0,0.0,0.0,0.0
0.0,0.0,10.0,0.0,0.0,0.0,0.0,0.0
0.0,0.0,0.0,0.0,0.0,0.0,0.0,0.0
0.0,0.0,0.0,0.0,0.0,0.0,0.0,0.0
0.0,0.0,0.0,10.0,0.0,0.0,10.0,0.0
0.0,0.0,0.0,0.0,0.0,0.0,0.0,0.0
0.0,0.0,9.1,0.0,0.0,0.0,0.0,0.0
0.0,0.0,0.0,0.0,0.0,0.0,0.0,0.0
0.0,0.0,9.1,9.1,0.0,0.0,9.1,0.0
0.0,0.0,0.0,0.0,0.0,0.0,10.0,0.0
0.0,20.0,0.0,0.0,0.0,0.0,0.0,0.0
0.0,9.1,10.0,0.0,0.0,0.0,36.4,0.0
0.0,0.0,0.0,0.0,0.0,0.0,100.0,0.0
0.0,0.0,0.0,0.0,0.0,0.0,100.0,0.0
0.0,0.0,0.0,0.0,0.0,0.0,100.0,0.0
0.0,60.0,0.0,0.0,11.1,0.0,100.0,0.0
0.0,100.0,0.0,77.8,100.0,0.0,100.0,0.0
0.0,100.0,0.0,100.0,100.0,0.0,100.0,0.0
0.0,100.0,0.0,100.0,100.0,0.0,100.0,0.0
0.0,77.8,0.0,27.3,40.0,0.0,20.0,0.0
0.0,0.0,0.0,0.0,0.0,0.0,10.0,0.0
0.0,0.0,10.0,0.0,0.0,0.0,0.0,0.0
0.0,0.0,0.0,0.0,0.0,0.0,0.0,0.0
0.0,0.0,10.0,0.0,0.0,0.0,0.0,0.0
0.0,0.0,0.0,0.0,0.0,0.0,0.0,0.0
0.0,27.3,0.0,20.0,10.0,0.0,27.3,0.0
0.0,100.0,0.0,100.0,100.0,0.0,100.0,0.0
0.0,100.0,0.0,100.0,100.0,0.0,100.0,0.0
0.0,100.0,0.0,100.0,100.0,0.0,100.0,0.0
0.0,100.0,0.0,100.0,100.0,0.0,100.0,0.0
0.0,100.0,0.0,100.0,100.0,0.0,100.0,0.0
0.0,100.0,0.0,100.0,100.0,0.0,100.0,0.0
0.0,100.0,0.0,100.0,100.0,0.0,100.0,0.0
0.0,100.0,0.0,100.0,100.0,0.0,100.0,0.0
0.0,100.0,0.0,100.0,100.0,0.0,100.0,0.0
0.0,90.0,0.0,90.9,100.0,0.0,100.0,0.0
0.0,100.0,0.0,100.0,100.0,0.0,100.0,0.0
0.0,33.3,33.3,33.3,10.0,0.0,30.0,0.0
0.0,0.0,10.0,0.0,0.0,0.0,0.0,0.0
0.0,0.0,0.0,10.0,10.0,9.1,0.0,0.0
0.0,40.0,0.0,40.0,10.0,0.0,30.0,9.1
0.0,100.0,0.0,100.0,100.0,0.0,100.0,0.0
0.0,90.0,0.0,100.0,100.0,0.0,100.0,0.0
9.1,100.0,0.0,100.0,20.0,80.0,90.9,0.0
0.0,100.0,0.0,100.0,0.0,100.0,100.0,0.0
0.0,100.0,0.0,100.0,0.0,100.0,100.0,0.0
0.0,100.0,0.0,100.0,0.0,100.0,100.0,0.0
0.0,100.0,0.0,100.0,0.0,100.0,100.0,0.0
0.0,100.0,0.0,100.0,0.0,100.0,100.0,0.0
0.0,100.0,0.0,100.0,0.0,100.0,100.0,0.0
0.0,100.0,0.0,100.0,0.0,100.0,100.0,0.0
0.0,100.0,0.0,100.0,0.0,100.0,100.0,0.0
0.0,100.0,0.0,100.0,9.1,100.0,100.0,0.0
0.0,100.0,0.0,100.0,0.0,100.0,100.0,0.0
0.0,100.0,0.0,100.0,0.0,100.0,100.0,0.0
0.0,100.0,0.0,100.0,0.0,100.0,100.0,0.0
0.0,100.0,0.0,100.0,0.0,100.0,100.0,0.0
0.0,100.0,0.0,100.0,0.0,100.0,100.0,0.0
0.0,100.0,0.0,100.0,0.0,100.0,100.0,0.0
0.0,100.0,0.0,100.0,0.0,100.0,100.0,0.0
0.0,100.0,0.0,100.0,0.0,100.0,100.0,0.0
0.0,100.0,0.0,100.0,0.0,100.0,100.0,0.0
0.0,100.0,0.0,100.0,0.0,100.0,100.0,0.0
0.0,100.0,0.0,100.0,0.0,100.0,100.0,0.0
0.0,100.0,0.0,100.0,0.0,100.0,100.0,0.0
0.0,100.0,0.0,100.0,9.1,100.0,100.0,0.0
0.0,100.0,0.0,100.0,0.0,100.0,100.0,0.0
0.0,100.0,0.0,100.0,0.0,100.0,100.0,0.0
0.0,100.0,0.0,100.0,0.0,100.0,100.0,0.0
0.0,100.0,0.0,100.0,0.0,100.0,100.0,0.0
0.0,10.0,18.2,10.0,0.0,10.0,0.0,20.0
0.0,0.0,0.0,0.0,0.0,0.0,0.0,0.0
0.0,0.0,0.0,0.0,0.0,0.0,0.0,0.0
0.0,0.0,0.0,0.0,0.0,0.0,0.0,0.0
0.0,0.0,0.0,0.0,0.0,0.0,0.0,0.0
0.0,0.0,0.0,0.0,0.0,0.0,0.0,0.0
0.0,0.0,0.0,0.0,0.0,0.0,0.0,0.0
0.0,0.0,0.0,0.0,0.0,0.0,0.0,0.0
0.0,0.0,0.0,0.0,0.0,0.0,0.0,0.0
0.0,0.0,0.0,0.0,0.0,0.0,0.0,0.0
0.0,0.0,0.0,0.0,0.0,0.0,0.0,0.0
0.0,0.0,0.0,0.0,0.0,0.0,0.0,0.0
0.0,0.0,0.0,0.0,0.0,0.0,0.0,0.0
0.0,0.0,0.0,0.0,0.0,0.0,0.0,0.0
0.0,0.0,0.0,0.0,0.0,0.0,0.0,0.0
0.0,0.0,0.0,0.0,0.0,0.0,0.0,0.0
0.0,0.0,0.0,0.0,0.0,0.0,0.0,0.0
0.0,0.0,0.0,0.0,0.0,0.0,0.0,0.0
0.0,0.0,0.0,0.0,0.0,0.0,0.0,0.0
0.0,0.0,0.0,0.0,0.0,0.0,0.0,0.0
0.0,0.0,0.0,0.0,0.0,0.0,0.0,0.0
0.0,0.0,0.0,0.0,0.0,0.0,0.0,0.0
0.0,0.0,0.0,0.0,0.0,0.0,0.0,0.0
0.0,0.0,0.0,0.0,0.0,0.0,0.0,0.0
0.0,0.0,0.0,0.0,0.0,0.0,0.0,0.0
0.0,0.0,0.0,0.0,0.0,0.0,0.0,0.0
0.0,0.0,0.0,0.0,0.0,0.0,0.0,0.0
0.0,0.0,0.0,0.0,0.0,0.0,0.0,0.0
0.0,0.0,0.0,0.0,0.0,0.0,0.0,0.0
0.0,0.0,0.0,0.0,0.0,0.0,0.0,0.0
0.0,0.0,0.0,0.0,0.0,0.0,0.0,0.0
0.0,0.0,0.0,0.0,0.0,0.0,0.0,0.0
0.0,0.0,0.0,0.0,0.0,0.0,0.0,0.0
0.0,0.0,0.0,0.0,0.0,0.0,0.0,0.0
0.0,0.0,0.0,0.0,0.0,0.0,0.0,0.0
0.0,0.0,0.0,0.0,0.0,0.0,0.0,0.0
0.0,0.0,0.0,0.0,0.0,0.0,0.0,0.0
10.0,0.0,0.0,0.0,9.1,0.0,0.0,0.0
0.0,0.0,0.0,0.0,0.0,0.0,0.0,0.0
0.0,0.0,0.0,0.0,0.0,0.0,0.0,0.0
0.0,0.0,0.0,0.0,0.0,0.0,0.0,0.0
0.0,0.0,0.0,0.0,0.0,0.0,0.0,0.0
0.0,0.0,0.0,0.0,0.0,0.0,0.0,0.0
0.0,0.0,0.0,0.0,0.0,0.0,0.0,0.0
0.0,0.0,0.0,0.0,0.0,0.0,0.0,0.0
0.0,0.0,0.0,0.0,0.0,0.0,0.0,0.0
0.0,0.0,0.0,0.0,0.0,0.0,0.0,0.0
0.0,0.0,0.0,0.0,0.0,0.0,0.0,0.0
0.0,0.0,0.0,0.0,0.0,0.0,0.0,0.0
0.0,0.0,0.0,0.0,0.0,0.0,0.0,0.0
0.0,0.0,0.0,0.0,0.0,0.0,0.0,0.0
0.0,0.0,0.0,0.0,0.0,0.0,0.0,0.0
0.0,0.0,0.0,0.0,0.0,0.0,0.0,0.0
0.0,0.0,0.0,0.0,0.0,0.0,0.0,0.0
0.0,0.0,0.0,0.0,0.0,0.0,0.0,0.0
0.0,0.0,0.0,0.0,0.0,0.0,0.0,0.0
0.0,0.0,0.0,0.0,0.0,0.0,0.0,0.0
0.0,0.0,0.0,0.0,0.0,0.0,0.0,0.0
0.0,0.0,0.0,0.0,0.0,0.0,0.0,0.0
0.0,0.0,0.0,0.0,0.0,0.0,0.0,0.0
0.0,0.0,0.0,0.0,0.0,0.0,0.0,0.0
0.0,0.0,0.0,0.0,0.0,0.0,0.0,0.0
0.0,0.0,0.0,0.0,0.0,0.0,0.0,0.0
0.0,0.0,0.0,0.0,0.0,0.0,0.0,0.0
0.0,0.0,0.0,0.0,0.0,0.0,0.0,0.0
0.0,0.0,0.0,0.0,0.0,0.0,0.0,0.0
0.0,0.0,0.0,0.0,0.0,0.0,0.0,0.0
0.0,0.0,0.0,0.0,0.0,0.0,0.0,0.0
0.0,0.0,0.0,0.0,0.0,0.0,0.0,0.0
0.0,0.0,0.0,0.0,0.0,0.0,0.0,0.0
0.0,0.0,0.0,0.0,0.0,0.0,0.0,0.0
0.0,0.0,0.0,0.0,0.0,0.0,0.0,0.0
0.0,0.0,0.0,0.0,0.0,0.0,0.0,0.0
0.0,0.0,0.0,0.0,0.0,0.0,0.0,0.0
0.0,0.0,0.0,0.0,0.0,0.0,0.0,0.0
0.0,0.0,0.0,0.0,0.0,0.0,0.0,0.0
0.0,0.0,0.0,0.0,0.0,0.0,0.0,0.0
0.0,0.0,0.0,0.0,0.0,0.0,0.0,0.0
0.0,0.0,0.0,0.0,0.0,0.0,0.0,0.0
0.0,0.0,0.0,0.0,0.0,0.0,0.0,0.0
0.0,0.0,0.0,0.0,0.0,0.0,0.0,0.0
0.0,0.0,0.0,0.0,9.1,0.0,0.0,0.0
0.0,0.0,0.0,0.0,0.0,0.0,0.0,0.0
0.0,0.0,0.0,0.0,0.0,0.0,0.0,0.0
0.0,0.0,0.0,0.0,0.0,0.0,0.0,0.0
0.0,0.0,0.0,0.0,0.0,0.0,0.0,0.0
0.0,0.0,0.0,0.0,0.0,0.0,0.0,0.0
0.0,0.0,0.0,0.0,0.0,0.0,0.0,0.0
0.0,0.0,0.0,0.0,0.0,0.0,0.0,0.0
0.0,0.0,0.0,0.0,0.0,0.0,0.0,0.0
0.0,0.0,0.0,0.0,0.0,0.0,0.0,0.0
0.0,0.0,0.0,0.0,0.0,0.0,0.0,0.0
0.0,0.0,0.0,0.0,0.0,0.0,0.0,0.0
0.0,0.0,0.0,0.0,0.0,0.0,0.0,0.0
0.0,0.0,0.0,0.0,0.0,0.0,0.0,0.0
0.0,0.0,0.0,0.0,0.0,0.0,0.0,0.0
0.0,0.0,0.0,0.0,0.0,0.0,0.0,0.0
0.0,0.0,0.0,0.0,0.0,0.0,0.0,0.0
0.0,0.0,0.0,0.0,0.0,0.0,0.0,0.0
0.0,0.0,0.0,0.0,0.0,0.0,0.0,0.0
0.0,0.0,0.0,0.0,0.0,0.0,0.0,0.0
0.0,0.0,0.0,0.0,0.0,0.0,0.0,0.0
0.0,0.0,0.0,0.0,0.0,0.0,0.0,0.0
0.0,0.0,0.0,0.0,0.0,0.0,0.0,0.0
0.0,0.0,0.0,0.0,0.0,0.0,0.0,0.0
0.0,0.0,0.0,0.0,0.0,0.0,0.0,0.0
0.0,0.0,0.0,0.0,0.0,0.0,0.0,0.0
0.0,0.0,0.0,0.0,0.0,0.0,0.0,0.0
0.0,0.0,0.0,0.0,0.0,0.0,0.0,0.0
0.0,0.0,0.0,0.0,0.0,0.0,0.0,0.0
0.0,0.0,0.0,0.0,0.0,0.0,0.0,0.0
0.0,0.0,0.0,0.0,0.0,0.0,0.0,0.0
0.0,0.0,0.0,0.0,0.0,0.0,0.0,0.0
0.0,0.0,0.0,0.0,0.0,0.0,0.0,0.0
0.0,0.0,0.0,0.0,0.0,0.0,0.0,0.0
0.0,0.0,0.0,0.0,0.0,0.0,0.0,0.0
0.0,0.0,0.0,0.0,0.0,0.0,0.0,0.0
0.0,0.0,0.0,0.0,0.0,0.0,0.0,0.0
0.0,0.0,0.0,0.0,0.0,0.0,0.0,0.0
0.0,0.0,0.0,0.0,0.0,0.0,0.0,0.0
0.0,0.0,0.0,0.0,0.0,0.0,0.0,0.0
0.0,0.0,0.0,0.0,0.0,0.0,0.0,0.0
0.0,0.0,0.0,0.0,0.0,0.0,0.0,0.0
0.0,0.0,0.0,0.0,0.0,0.0,0.0,0.0
0.0,0.0,0.0,0.0,0.0,0.0,0.0,0.0
0.0,0.0,0.0,0.0,0.0,0.0,0.0,0.0
0.0,0.0,0.0,0.0,0.0,0.0,0.0,0.0
0.0,0.0,0.0,0.0,0.0,0.0,0.0,0.0
0.0,0.0,0.0,0.0,0.0,0.0,0.0,0.0
0.0,0.0,0.0,0.0,0.0,0.0,0.0,0.0
0.0,0.0,0.0,0.0,0.0,0.0,0.0,0.0
0.0,0.0,0.0,0.0,0.0,0.0,0.0,0.0
0.0,0.0,0.0,0.0,0.0,0.0,0.0,0.0
0.0,0.0,0.0,0.0,0.0,0.0,0.0,0.0
0.0,0.0,0.0,0.0,0.0,0.0,0.0,0.0
0.0,0.0,0.0,0.0,0.0,0.0,0.0,0.0
0.0,0.0,0.0,0.0,0.0,0.0,0.0,0.0
0.0,0.0,0.0,0.0,0.0,0.0,0.0,0.0
0.0,0.0,0.0,0.0,0.0,0.0,0.0,0.0
0.0,0.0,0.0,0.0,0.0,0.0,0.0,0.0
0.0,0.0,0.0,0.0,0.0,0.0,0.0,0.0
0.0,0.0,0.0,0.0,0.0,0.0,0.0,0.0
0.0,0.0,0.0,0.0,0.0,0.0,0.0,0.0
0.0,0.0,0.0,0.0,0.0,0.0,0.0,0.0
0.0,0.0,0.0,0.0,0.0,0.0,0.0,0.0
0.0,0.0,0.0,0.0,0.0,0.0,0.0,0.0
0.0,0.0,0.0,0.0,0.0,0.0,0.0,0.0
0.0,0.0,0.0,0.0,0.0,0.0,0.0,0.0
0.0,0.0,0.0,0.0,0.0,0.0,0.0,0.0
0.0,0.0,0.0,0.0,0.0,0.0,0.0,0.0
0.0,0.0,0.0,0.0,0.0,0.0,0.0,0.0
0.0,0.0,0.0,0.0,0.0,0.0,0.0,0.0
0.0,0.0,0.0,0.0,0.0,0.0,0.0,0.0
0.0,0.0,0.0,0.0,0.0,0.0,0.0,0.0
0.0,0.0,0.0,0.0,0.0,0.0,0.0,0.0
0.0,0.0,0.0,0.0,0.0,0.0,0.0,0.0
0.0,0.0,0.0,0.0,0.0,0.0,0.0,0.0
0.0,0.0,0.0,0.0,0.0,0.0,0.0,0.0
0.0,0.0,0.0,0.0,0.0,0.0,0.0,0.0
0.0,0.0,0.0,0.0,0.0,0.0,0.0,0.0
0.0,0.0,0.0,0.0,0.0,0.0,0.0,0.0
0.0,0.0,0.0,0.0,0.0,0.0,0.0,0.0
0.0,0.0,0.0,0.0,0.0,0.0,0.0,0.0
0.0,0.0,0.0,0.0,0.0,0.0,0.0,0.0
0.0,0.0,0.0,0.0,0.0,0.0,0.0,0.0
0.0,0.0,0.0,0.0,0.0,0.0,0.0,0.0
0.0,0.0,0.0,0.0,0.0,0.0,0.0,0.0
0.0,0.0,0.0,0.0,0.0,0.0,0.0,0.0
0.0,0.0,0.0,0.0,0.0,0.0,0.0,0.0
0.0,0.0,0.0,0.0,0.0,0.0,0.0,0.0
0.0,0.0,0.0,0.0,0.0,0.0,0.0,0.0
0.0,0.0,0.0,0.0,0.0,0.0,0.0,0.0
0.0,0.0,0.0,0.0,0.0,0.0,0.0,0.0
0.0,0.0,0.0,0.0,0.0,0.0,0.0,0.0
0.0,0.0,0.0,0.0,0.0,0.0,0.0,0.0
0.0,0.0,0.0,0.0,0.0,0.0,0.0,0.0
0.0,0.0,0.0,0.0,0.0,0.0,0.0,0.0
0.0,0.0,0.0,0.0,0.0,0.0,0.0,0.0
0.0,0.0,0.0,0.0,0.0,0.0,0.0,0.0
0.0,0.0,0.0,0.0,0.0,0.0,0.0,0.0
0.0,0.0,0.0,0.0,0.0,0.0,0.0,0.0
0.0,0.0,0.0,0.0,0.0,0.0,0.0,0.0
0.0,0.0,0.0,0.0,0.0,0.0,0.0,0.0
0.0,0.0,0.0,0.0,0.0,0.0,0.0,0.0
0.0,0.0,0.0,0.0,0.0,0.0,0.0,0.0
0.0,0.0,0.0,0.0,0.0,0.0,0.0,0.0
0.0,0.0,0.0,0.0,0.0,0.0,0.0,0.0
0.0,0.0,0.0,0.0,0.0,0.0,0.0,0.0
0.0,0.0,0.0,0.0,0.0,0.0,0.0,0.0
0.0,0.0,0.0,0.0,0.0,0.0,0.0,0.0
0.0,0.0,0.0,0.0,0.0,0.0,0.0,0.0
0.0,0.0,0.0,0.0,0.0,0.0,0.0,0.0
0.0,0.0,0.0,0.0,0.0,0.0,0.0,0.0
0.0,0.0,0.0,0.0,0.0,0.0,0.0,0.0
0.0,0.0,0.0,0.0,0.0,0.0,0.0,0.0
0.0,0.0,0.0,0.0,0.0,0.0,0.0,0.0
0.0,0.0,0.0,0.0,0.0,0.0,0.0,0.0
0.0,0.0,0.0,0.0,0.0,0.0,0.0,0.0
0.0,0.0,0.0,0.0,0.0,0.0,0.0,0.0
0.0,0.0,0.0,0.0,0.0,0.0,0.0,0.0
0.0,0.0,0.0,0.0,0.0,0.0,0.0,0.0
0.0,0.0,0.0,0.0,0.0,0.0,0.0,0.0
0.0,0.0,0.0,0.0,0.0,0.0,0.0,0.0
0.0,0.0,0.0,0.0,0.0,0.0,0.0,0.0
0.0,0.0,0.0,0.0,0.0,0.0,0.0,0.0
0.0,0.0,0.0,0.0,0.0,0.0,0.0,0.0
0.0,0.0,0.0,0.0,0.0,0.0,0.0,0.0
0.0,0.0,0.0,0.0,0.0,0.0,0.0,0.0
0.0,0.0,0.0,0.0,0.0,0.0,0.0,0.0
0.0,0.0,0.0,0.0,0.0,0.0,0.0,0.0
0.0,0.0,0.0,0.0,0.0,0.0,0.0,0.0
0.0,0.0,0.0,0.0,0.0,0.0,0.0,0.0
0.0,0.0,0.0,0.0,0.0,0.0,0.0,0.0
0.0,0.0,0.0,0.0,0.0,0.0,0.0,0.0
0.0,0.0,0.0,0.0,0.0,0.0,0.0,0.0
0.0,0.0,0.0,0.0,0.0,0.0,0.0,0.0
0.0,0.0,0.0,0.0,0.0,0.0,0.0,0.0
0.0,0.0,0.0,0.0,0.0,0.0,0.0,0.0
0.0,0.0,0.0,0.0,0.0,0.0,0.0,0.0
0.0,0.0,0.0,0.0,0.0,0.0,0.0,0.0
0.0,0.0,0.0,0.0,0.0,0.0,0.0,0.0
0.0,0.0,0.0,0.0,0.0,0.0,0.0,0.0
0.0,0.0,0.0,0.0,0.0,0.0,0.0,0.0
0.0,0.0,0.0,0.0,0.0,0.0,0.0,0.0
0.0,0.0,0.0,0.0,0.0,0.0,0.0,0.0
0.0,0.0,0.0,0.0,0.0,0.0,0.0,0.0
0.0,0.0,0.0,0.0,0.0,0.0,0.0,0.0
0.0,0.0,0.0,0.0,0.0,0.0,0.0,0.0
0.0,0.0,0.0,0.0,0.0,0.0,0.0,0.0
0.0,0.0,0.0,0.0,0.0,0.0,0.0,0.0
0.0,0.0,0.0,0.0,0.0,0.0,0.0,0.0
0.0,0.0,0.0,0.0,0.0,0.0,0.0,0.0
0.0,0.0,0.0,0.0,0.0,0.0,0.0,0.0
0.0,0.0,0.0,0.0,0.0,0.0,0.0,0.0
0.0,0.0,0.0,0.0,0.0,0.0,0.0,0.0
0.0,0.0,0.0,0.0,0.0,0.0,0.0,0.0
0.0,0.0,0.0,0.0,0.0,0.0,0.0,0.0
0.0,0.0,0.0,0.0,0.0,0.0,0.0,0.0
0.0,0.0,0.0,0.0,0.0,0.0,0.0,0.0
0.0,0.0,0.0,0.0,0.0,0.0,0.0,0.0
0.0,0.0,0.0,0.0,0.0,0.0,0.0,0.0
0.0,0.0,0.0,0.0,0.0,0.0,0.0,0.0
0.0,0.0,0.0,0.0,0.0,0.0,0.0,0.0
0.0,0.0,0.0,0.0,0.0,0.0,0.0,0.0
0.0,0.0,0.0,0.0,0.0,0.0,0.0,0.0
0.0,0.0,0.0,0.0,0.0,0.0,0.0,0.0
0.0,0.0,0.0,0.0,0.0,0.0,0.0,0.0
0.0,0.0,0.0,0.0,0.0,0.0,0.0,0.0
0.0,0.0,0.0,0.0,0.0,0.0,0.0,0.0
0.0,0.0,0.0,0.0,0.0,0.0,0.0,0.0
0.0,0.0,0.0,0.0,0.0,0.0,0.0,0.0
0.0,0.0,0.0,0.0,0.0,0.0,0.0,0.0
0.0,0.0,0.0,0.0,0.0,0.0,0.0,0.0
0.0,0.0,0.0,0.0,0.0,0.0,0.0,0.0
0.0,0.0,0.0,0.0,0.0,0.0,0.0,0.0
0.0,0.0,0.0,0.0,0.0,0.0,0.0,0.0
0.0,0.0,0.0,0.0,0.0,0.0,0.0,0.0
0.0,0.0,0.0,0.0,0.0,0.0,0.0,0.0
0.0,0.0,0.0,0.0,0.0,0.0,0.0,0.0
0.0,0.0,0.0,0.0,0.0,0.0,0.0,0.0
0.0,0.0,0.0,0.0,0.0,0.0,0.0,0.0
0.0,0.0,0.0,0.0,0.0,0.0,0.0,0.0
0.0,0.0,0.0,0.0,0.0,0.0,0.0,0.0
0.0,0.0,0.0,0.0,0.0,0.0,0.0,0.0
0.0,0.0,0.0,0.0,0.0,0.0,0.0,0.0
0.0,0.0,0.0,0.0,0.0,0.0,0.0,0.0
0.0,0.0,0.0,0.0,0.0,0.0,0.0,0.0
0.0,0.0,0.0,0.0,0.0,0.0,0.0,0.0
0.0,0.0,0.0,0.0,0.0,0.0,0.0,0.0
0.0,0.0,0.0,0.0,0.0,0.0,0.0,0.0
0.0,0.0,0.0,0.0,0.0,0.0,0.0,0.0
0.0,0.0,0.0,0.0,0.0,0.0,0.0,0.0
0.0,0.0,0.0,0.0,0.0,0.0,0.0,0.0
0.0,0.0,0.0,0.0,0.0,0.0,0.0,0.0
0.0,0.0,0.0,0.0,0.0,0.0,0.0,0.0
0.0,0.0,0.0,0.0,0.0,0.0,0.0,0.0
0.0,0.0,0.0,0.0,0.0,0.0,0.0,0.0
0.0,0.0,0.0,0.0,0.0,0.0,0.0,0.0
0.0,0.0,0.0,0.0,0.0,0.0,0.0,0.0
0.0,0.0,0.0,0.0,0.0,0.0,0.0,0.0
0.0,0.0,0.0,0.0,0.0,0.0,0.0,0.0
0.0,0.0,0.0,0.0,0.0,0.0,0.0,0.0
0.0,0.0,0.0,0.0,0.0,0.0,0.0,0.0
0.0,0.0,0.0,0.0,0.0,0.0,0.0,0.0
0.0,0.0,0.0,0.0,0.0,0.0,0.0,0.0
0.0,0.0,0.0,0.0,0.0,0.0,0.0,0.0
0.0,0.0,0.0,0.0,0.0,0.0,0.0,0.0
0.0,0.0,0.0,0.0,0.0,0.0,0.0,0.0
0.0,0.0,0.0,0.0,0.0,0.0,0.0,0.0
0.0,0.0,0.0,0.0,0.0,0.0,0.0,0.0
0.0,0.0,0.0,0.0,0.0,0.0,0.0,0.0
0.0,0.0,0.0,0.0,0.0,0.0,0.0,0.0
0.0,0.0,0.0,0.0,0.0,0.0,0.0,0.0
0.0,0.0,0.0,0.0,0.0,0.0,0.0,0.0
0.0,0.0,0.0,0.0,0.0,0.0,0.0,0.0
0.0,0.0,0.0,0.0,0.0,0.0,0.0,0.0
0.0,0.0,0.0,0.0,0.0,0.0,0.0,0.0
0.0,0.0,0.0,0.0,0.0,0.0,0.0,0.0
0.0,0.0,0.0,0.0,0.0,0.0,0.0,0.0
0.0,0.0,0.0,0.0,0.0,0.0,0.0,0.0
0.0,0.0,0.0,0.0,0.0,0.0,0.0,0.0
0.0,0.0,0.0,0.0,0.0,0.0,0.0,0.0
0.0,0.0,0.0,0.0,0.0,0.0,0.0,0.0
0.0,0.0,0.0,0.0,0.0,0.0,0.0,0.0
0.0,0.0,0.0,0.0,0.0,0.0,0.0,0.0
0.0,0.0,0.0,0.0,0.0,0.0,0.0,0.0
0.0,0.0,0.0,0.0,0.0,0.0,0.0,0.0
0.0,0.0,0.0,0.0,0.0,0.0,0.0,0.0
0.0,0.0,0.0,0.0,0.0,0.0,0.0,0.0
0.0,0.0,0.0,0.0,0.0,0.0,0.0,0.0
0.0,0.0,0.0,0.0,0.0,0.0,0.0,0.0
0.0,0.0,0.0,0.0,0.0,0.0,0.0,0.0
0.0,0.0,0.0,0.0,0.0,0.0,0.0,0.0
0.0,0.0,0.0,0.0,0.0,0.0,0.0,0.0
0.0,0.0,0.0,0.0,0.0,0.0,0.0,0.0
0.0,0.0,0.0,0.0,0.0,0.0,0.0,0.0
0.0,0.0,0.0,0.0,0.0,0.0,0.0,0.0
0.0,0.0,0.0,0.0,0.0,0.0,0.0,0.0
0.0,0.0,0.0,0.0,0.0,0.0,0.0,0.0
0.0,0.0,0.0,0.0,0.0,0.0,0.0,0.0
0.0,0.0,0.0,0.0,0.0,0.0,0.0,0.0
0.0,0.0,0.0,0.0,0.0,0.0,0.0,0.0
0.0,0.0,0.0,0.0,0.0,0.0,0.0,0.0
0.0,0.0,0.0,0.0,0.0,0.0,0.0,0.0
0.0,0.0,0.0,0.0,0.0,0.0,0.0,0.0
0.0,0.0,0.0,0.0,0.0,0.0,0.0,0.0
0.0,0.0,0.0,0.0,0.0,0.0,0.0,0.0
0.0,0.0,0.0,0.0,0.0,0.0,0.0,0.0
0.0,0.0,0.0,0.0,0.0,0.0,0.0,0.0
0.0,0.0,0.0,0.0,0.0,0.0,0.0,0.0
0.0,0.0,0.0,0.0,0.0,0.0,0.0,0.0
0.0,0.0,0.0,0.0,0.0,0.0,0.0,0.0
0.0,0.0,0.0,0.0,0.0,0.0,0.0,0.0
0.0,0.0,0.0,0.0,0.0,0.0,0.0,0.0
0.0,0.0,0.0,0.0,0.0,0.0,0.0,0.0
0.0,0.0,0.0,0.0,0.0,0.0,0.0,0.0
0.0,0.0,0.0,0.0,0.0,0.0,0.0,0.0
0.0,0.0,0.0,0.0,0.0,0.0,0.0,0.0
0.0,0.0,0.0,0.0,0.0,0.0,0.0,0.0
0.0,0.0,0.0,0.0,0.0,0.0,0.0,0.0
0.0,0.0,0.0,0.0,0.0,0.0,0.0,0.0
0.0,0.0,0.0,0.0,0.0,0.0,0.0,0.0
0.0,0.0,0.0,0.0,0.0,0.0,0.0,0.0
0.0,0.0,0.0,0.0,0.0,0.0,0.0,0.0
0.0,0.0,0.0,0.0,0.0,0.0,0.0,0.0
0.0,0.0,0.0,0.0,0.0,0.0,0.0,0.0
0.0,0.0,0.0,0.0,0.0,0.0,0.0,0.0
0.0,0.0,0.0,0.0,0.0,0.0,0.0,0.0
0.0,0.0,0.0,0.0,0.0,0.0,0.0,0.0
0.0,0.0,0.0,0.0,0.0,0.0,0.0,0.0
0.0,0.0,0.0,0.0,0.0,0.0,0.0,0.0
0.0,0.0,0.0,0.0,0.0,0.0,0.0,0.0
0.0,0.0,0.0,0.0,0.0,0.0,0.0,0.0
0.0,0.0,0.0,0.0,0.0,0.0,0.0,0.0
0.0,0.0,0.0,0.0,0.0,0.0,0.0,0.0
0.0,0.0,0.0,0.0,0.0,0.0,0.0,0.0
0.0,0.0,0.0,0.0,0.0,0.0,0.0,0.0
0.0,0.0,0.0,0.0,0.0,0.0,0.0,0.0
0.0,0.0,0.0,0.0,0.0,0.0,0.0,0.0
0.0,0.0,0.0,0.0,0.0,0.0,0.0,0.0
0.0,0.0,0.0,0.0,0.0,0.0,0.0,0.0
0.0,0.0,0.0,0.0,0.0,0.0,0.0,0.0
0.0,0.0,0.0,0.0,0.0,0.0,0.0,0.0
0.0,0.0,0.0,0.0,0.0,0.0,0.0,0.0
0.0,0.0,0.0,0.0,0.0,0.0,0.0,0.0
0.0,0.0,0.0,0.0,0.0,0.0,0.0,0.0
0.0,0.0,0.0,0.0,0.0,0.0,0.0,0.0
0.0,0.0,0.0,0.0,0.0,0.0,0.0,0.0
0.0,0.0,0.0,0.0,0.0,0.0,0.0,0.0
0.0,0.0,0.0,0.0,0.0,0.0,0.0,0.0
0.0,0.0,0.0,0.0,0.0,0.0,0.0,0.0
0.0,0.0,0.0,0.0,0.0,0.0,0.0,9.1
0.0,0.0,0.0,0.0,0.0,0.0,0.0,0.0
0.0,0.0,0.0,0.0,0.0,0.0,0.0,0.0
0.0,0.0,0.0,0.0,0.0,0.0,0.0,0.0
0.0,0.0,0.0,0.0,0.0,0.0,0.0,0.0
0.0,0.0,0.0,0.0,0.0,0.0,0.0,0.0
0.0,0.0,0.0,0.0,0.0,0.0,0.0,0.0
0.0,0.0,0.0,0.0,0.0,0.0,0.0,0.0
0.0,0.0,0.0,0.0,0.0,0.0,0.0,0.0
0.0,0.0,0.0,0.0,0.0,0.0,0.0,0.0
0.0,0.0,0.0,0.0,0.0,0.0,0.0,0.0
0.0,0.0,0.0,0.0,0.0,0.0,0.0,0.0
0.0,0.0,0.0,0.0,0.0,0.0,0.0,0.0
0.0,0.0,0.0,0.0,0.0,0.0,0.0,0.0
0.0,0.0,0.0,0.0,0.0,0.0,0.0,0.0
0.0,0.0,0.0,0.0,0.0,0.0,0.0,0.0
0.0,0.0,0.0,0.0,0.0,0.0,0.0,0.0
0.0,0.0,0.0,0.0,0.0,0.0,0.0,0.0
0.0,0.0,0.0,0.0,0.0,0.0,0.0,0.0
0.0,0.0,0.0,0.0,0.0,0.0,0.0,0.0
0.0,0.0,0.0,0.0,0.0,0.0,0.0,0.0
0.0,0.0,0.0,0.0,0.0,0.0,0.0,0.0
0.0,9.1,0.0,0.0,0.0,0.0,0.0,0.0
0.0,0.0,0.0,0.0,0.0,0.0,0.0,0.0
0.0,0.0,0.0,0.0,0.0,0.0,0.0,0.0
0.0,0.0,0.0,0.0,0.0,0.0,0.0,0.0
0.0,0.0,0.0,0.0,0.0,0.0,0.0,0.0
0.0,0.0,0.0,0.0,0.0,0.0,0.0,0.0
0.0,0.0,0.0,0.0,0.0,0.0,0.0,0.0
0.0,0.0,0.0,0.0,0.0,0.0,0.0,0.0
0.0,0.0,0.0,0.0,0.0,0.0,0.0,0.0
0.0,0.0,0.0,0.0,0.0,0.0,0.0,0.0
0.0,0.0,0.0,0.0,0.0,0.0,0.0,0.0
0.0,0.0,0.0,0.0,0.0,0.0,0.0,0.0
0.0,0.0,0.0,0.0,0.0,0.0,0.0,0.0
0.0,0.0,0.0,0.0,0.0,0.0,0.0,0.0
0.0,0.0,0.0,0.0,0.0,0.0,0.0,0.0
0.0,0.0,0.0,0.0,0.0,0.0,0.0,0.0
0.0,0.0,0.0,0.0,0.0,0.0,0.0,0.0
0.0,0.0,0.0,0.0,0.0,0.0,0.0,0.0
0.0,0.0,0.0,0.0,0.0,0.0,0.0,0.0
0.0,0.0,0.0,0.0,0.0,0.0,0.0,0.0
0.0,0.0,0.0,0.0,0.0,0.0,0.0,0.0
0.0,0.0,0.0,0.0,0.0,0.0,0.0,0.0
0.0,0.0,0.0,0.0,0.0,0.0,0.0,0.0
0.0,0.0,0.0,0.0,0.0,0.0,0.0,0.0
0.0,0.0,0.0,0.0,0.0,0.0,0.0,0.0
0.0,0.0,0.0,0.0,0.0,0.0,0.0,0.0
0.0,0.0,0.0,0.0,0.0,0.0,0.0,0.0
0.0,0.0,0.0,0.0,0.0,0.0,0.0,0.0
0.0,0.0,0.0,0.0,0.0,0.0,0.0,0.0
0.0,0.0,0.0,0.0,0.0,0.0,0.0,0.0
0.0,0.0,0.0,0.0,0.0,0.0,0.0,0.0
0.0,0.0,0.0,0.0,0.0,0.0,0.0,0.0
0.0,0.0,0.0,0.0,0.0,0.0,0.0,0.0
0.0,0.0,0.0,0.0,0.0,0.0,0.0,0.0
0.0,0.0,0.0,0.0,0.0,0.0,0.0,0.0
0.0,0.0,0.0,0.0,0.0,0.0,0.0,0.0
0.0,0.0,0.0,0.0,0.0,0.0,0.0,0.0
0.0,0.0,0.0,0.0,0.0,0.0,0.0,0.0
0.0,0.0,0.0,0.0,9.1,0.0,0.0,0.0
0.0,0.0,0.0,0.0,0.0,0.0,0.0,0.0
0.0,0.0,0.0,0.0,0.0,0.0,0.0,0.0
0.0,0.0,0.0,0.0,0.0,0.0,0.0,0.0
0.0,0.0,0.0,0.0,0.0,0.0,0.0,0.0
0.0,0.0,0.0,0.0,0.0,0.0,0.0,0.0
0.0,0.0,0.0,0.0,0.0,0.0,0.0,0.0
0.0,0.0,0.0,0.0,0.0,0.0,0.0,0.0
0.0,0.0,0.0,0.0,0.0,0.0,0.0,0.0
0.0,0.0,0.0,0.0,0.0,0.0,0.0,0.0
0.0,0.0,0.0,0.0,0.0,0.0,0.0,0.0
0.0,0.0,0.0,0.0,0.0,0.0,0.0,0.0
0.0,0.0,0.0,0.0,0.0,0.0,0.0,0.0
0.0,0.0,0.0,0.0,0.0,0.0,0.0,0.0
0.0,0.0,0.0,0.0,0.0,0.0,0.0,0.0
0.0,0.0,0.0,0.0,0.0,0.0,0.0,0.0
0.0,0.0,0.0,0.0,0.0,0.0,0.0,0.0
0.0,0.0,0.0,0.0,0.0,0.0,0.0,0.0
0.0,0.0,0.0,0.0,0.0,0.0,0.0,0.0
0.0,0.0,0.0,0.0,0.0,0.0,0.0,0.0
0.0,0.0,0.0,0.0,0.0,0.0,0.0,0.0
0.0,0.0,0.0,0.0,0.0,0.0,0.0,0.0
0.0,0.0,0.0,0.0,0.0,0.0,0.0,0.0
0.0,0.0,0.0,0.0,0.0,0.0,0.0,0.0
0.0,0.0,0.0,0.0,0.0,0.0,0.0,0.0
0.0,0.0,0.0,0.0,0.0,0.0,0.0,0.0
0.0,0.0,0.0,0.0,0.0,0.0,0.0,0.0
0.0,0.0,0.0,0.0,0.0,0.0,0.0,0.0
0.0,0.0,0.0,0.0,0.0,0.0,0.0,0.0
0.0,0.0,0.0,0.0,0.0,0.0,0.0,0.0
0.0,0.0,0.0,0.0,0.0,0.0,0.0,0.0
0.0,0.0,0.0,0.0,0.0,0.0,0.0,0.0
0.0,0.0,0.0,0.0,0.0,0.0,0.0,0.0
0.0,0.0,0.0,0.0,0.0,0.0,0.0,0.0
0.0,0.0,0.0,0.0,0.0,0.0,0.0,0.0
0.0,0.0,0.0,0.0,0.0,0.0,0.0,0.0
0.0,0.0,0.0,0.0,0.0,0.0,0.0,0.0
0.0,0.0,0.0,0.0,0.0,0.0,0.0,0.0
0.0,0.0,0.0,0.0,0.0,0.0,0.0,0.0
0.0,0.0,0.0,0.0,0.0,0.0,0.0,0.0
0.0,0.0,0.0,0.0,0.0,0.0,0.0,0.0
0.0,0.0,0.0,0.0,0.0,0.0,0.0,0.0
0.0,0.0,0.0,0.0,0.0,0.0,0.0,0.0
0.0,0.0,0.0,0.0,0.0,0.0,0.0,0.0
0.0,0.0,0.0,0.0,0.0,0.0,0.0,0.0
0.0,0.0,0.0,0.0,0.0,0.0,0.0,0.0
0.0,0.0,0.0,0.0,0.0,0.0,0.0,0.0
0.0,0.0,0.0,0.0,0.0,0.0,0.0,0.0
0.0,0.0,0.0,0.0,0.0,0.0,0.0,0.0
0.0,0.0,0.0,0.0,0.0,0.0,0.0,0.0
0.0,0.0,0.0,0.0,0.0,0.0,0.0,0.0
0.0,0.0,0.0,0.0,0.0,0.0,0.0,0.0
0.0,0.0,0.0,0.0,0.0,0.0,0.0,0.0
0.0,0.0,0.0,0.0,0.0,0.0,0.0,0.0
0.0,0.0,0.0,0.0,0.0,0.0,0.0,0.0
0.0,0.0,0.0,0.0,0.0,0.0,0.0,0.0
0.0,0.0,0.0,0.0,0.0,0.0,0.0,0.0
0.0,0.0,0.0,0.0,0.0,0.0,0.0,0.0
0.0,0.0,0.0,0.0,0.0,0.0,0.0,0.0
0.0,0.0,0.0,0.0,0.0,0.0,0.0,0.0
0.0,0.0,0.0,0.0,0.0,0.0,0.0,0.0
0.0,0.0,0.0,0.0,0.0,0.0,0.0,0.0
0.0,0.0,0.0,0.0,0.0,0.0,0.0,0.0
0.0,0.0,0.0,0.0,0.0,0.0,0.0,0.0
0.0,0.0,0.0,0.0,0.0,0.0,0.0,0.0
0.0,0.0,0.0,0.0,0.0,0.0,0.0,0.0
0.0,0.0,0.0,0.0,0.0,0.0,0.0,0.0
0.0,0.0,0.0,0.0,0.0,0.0,0.0,0.0
0.0,0.0,0.0,0.0,0.0,0.0,0.0,0.0
0.0,0.0,0.0,0.0,0.0,0.0,0.0,0.0
0.0,0.0,0.0,0.0,0.0,0.0,0.0,0.0
